0.8590316 0.1174493 0.0733250 0.1045571 0.0754396 0.0717690 0.0739357 0.0786808 0.0712504 0.0690993 0.0666284 0.0759386 0.0674692 0.0652565 0.0681920 0.0681477 -0.0580904 -0.0346070 -0.0339163 -0.0449456 -0.0502080 -0.0220881 -0.0463384 -0.0371542 0.0323759 0.0276624 0.0294975 0.0191147 0.0254736 0.0269863 0.0392515 0.0257421 0.0312297 0.0274980 0.0155979 0.0358880 0.0239202 0.0260531 0.0293861 0.0252962 0.0054446 0.0103017 0.0170077 0.0041439 0.0161841 0.0231125 0.0119947 0.0110986 -0.0652545 -0.0092381 -0.0267448 -0.0345232 -0.0248235 -0.0102794 -0.0176782 -0.0324120 -0.0389132 -0.0312700 0.0136813 -0.0191430 0.0198620 0.0086534 0.0086138 0.0013418 -0.0169312 0.0027687 -0.0249710 0.0102169 -0.0227832 0.0170938 -0.0239387 -0.0504443 -0.0453524 -0.0135061 -0.0249928 -0.0207892 -0.0291563 -0.0567612 -0.0335200 -0.1233610 -0.1283845 -0.0345488 -0.0373417 -0.0196971 -0.0729880 -0.0503369 -0.1750622 -0.0434178 -0.0813198 -0.0657181 -0.0663861 -0.0293693 -0.1235920 -0.0402328 -0.1550299
0.1174493 0.8606111 0.0751026 0.1144881 0.0769487 0.0786696 0.0802630 0.0808105 0.0738822 0.0724558 0.0725311 0.0765102 0.0753914 0.0699548 0.0697811 0.0729735 -0.0647545 -0.0328751 -0.0309746 -0.0431499 -0.0585770 -0.0254915 -0.0461399 -0.0452835 0.0329278 0.0285014 0.0316228 0.0211834 0.0273386 0.0299186 0.0397243 0.0297822 0.0300578 0.0293234 0.0154710 0.0369626 0.0234163 0.0300059 0.0324439 0.0295583 0.0080538 0.0105419 0.0172590 0.0072030 0.0143508 0.0248006 0.0057271 0.0071446 -0.0690347 -0.0053868 -0.0287795 -0.0366398 -0.0266532 -0.0125335 -0.0175845 -0.0343632 -0.0434923 -0.0313076 0.0139127 -0.0191404 0.0170685 0.0104462 0.0103827 0.0003291 -0.0132523 0.0019712 -0.0220766 0.0071952 -0.0258356 0.0176675 -0.0264265 -0.0533516 -0.0470926 -0.0167748 -0.0259199 -0.0163808 -0.0335894 -0.0608954 -0.0330284 -0.1314342 -0.1346435 -0.0361963 -0.0400367 -0.0245418 -0.0803280 -0.0505281 -0.1816349 -0.0416521 -0.0873946 -0.0700238 -0.0716425 -0.0297712 -0.1307211 -0.0396436 -0.1589616
0.0733250 0.0751026 0.8560023 0.0733460 0.1215134 0.1153139 0.1361133 0.1217454 0.0749212 0.0747901 0.0727864 0.0758153 0.0764283 0.0714883 0.0742575 0.0743219 -0.0612494 -0.0412003 -0.0325952 -0.0519746 -0.0589559 -0.0278924 -0.0506735 -0.0479362 0.0319208 0.0283488 0.0352637 0.0269285 0.0282083 0.0345807 0.0449242 0.0291761 0.0358290 0.0313659 0.0195570 0.0433306 0.0300214 0.0273174 0.0325557 0.0328112 0.0123043 0.0155114 0.0173725 0.0039909 0.0190242 0.0309946 0.0100817 0.0093802 -0.0754676 -0.0116724 -0.0250143 -0.0396056 -0.0255106 -0.0134254 -0.0192178 -0.0354883 -0.0406639 -0.0339223 0.0109556 -0.0215247 0.0195568 0.0088613 0.0105865 -0.0054785 -0.0195016 -0.0038071 -0.0254502 0.0085099 -0.0261139 0.0148923 -0.0277142 -0.0531763 -0.0492528 -0.0148865 -0.0229761 -0.0210009 -0.0348333 -0.0647780 -0.0349477 -0.1390741 -0.1468101 -0.0365517 -0.0386615 -0.0244190 -0.0826210 -0.0502763 -0.1877886 -0.0533703 -0.0916404 -0.0702821 -0.0723426 -0.0330596 -0.1394651 -0.0430462 -0.1693531
0.1045571 0.1144881 0.0733460 0.8710208 0.0722596 0.0737046 0.0717514 0.0774802 0.0714381 0.0655997 0.0691466 0.0706312 0.0663616 0.0659861 0.0671518 0.0695707 -0.0592220 -0.0367359 -0.0313849 -0.0475512 -0.0571138 -0.0263982 -0.0455268 -0.0400262 0.0340194 0.0264722 0.0328057 0.0258802 0.0283282 0.0303114 0.0398803 0.0283609 0.0334118 0.0277970 0.0173047 0.0359526 0.0250490 0.0308575 0.0315207 0.0286119 0.0091690 0.0137878 0.0231917 0.0074980 0.0190491 0.0258600 0.0088271 0.0107693 -0.0659358 -0.0059235 -0.0227508 -0.0361365 -0.0240739 -0.0112220 -0.0138708 -0.0343421 -0.0381240 -0.0277806 0.0153909 -0.0149895 0.0171602 0.0085868 0.0104435 0.0015972 -0.0118222 0.0001792 -0.0264509 0.0116857 -0.0242637 0.0200976 -0.0248090 -0.0482932 -0.0471571 -0.0132335 -0.0230238 -0.0182973 -0.0307157 -0.0571132 -0.0314947 -0.1287975 -0.1319158 -0.0348244 -0.0333264 -0.0186354 -0.0775089 -0.0508481 -0.1791821 -0.0431473 -0.0850516 -0.0660400 -0.0659485 -0.0279335 -0.1280555 -0.0392062 -0.1550283
0.0754396 0.0769487 0.1215134 0.0722596 0.8661253 0.1312522 0.1349539 0.1286751 0.0753819 0.0728746 0.0718734 0.0767474 0.0744392 0.0713983 0.0707005 0.0752215 -0.0680519 -0.0381796 -0.0371876 -0.0511146 -0.0605530 -0.0283603 -0.0502586 -0.0473180 0.0377810 0.0295839 0.0369449 0.0246266 0.0296069 0.0339121 0.0463724 0.0314404 0.0354278 0.0316871 0.0153708 0.0438004 0.0269162 0.0302556 0.0367078 0.0305360 0.0157012 0.0153951 0.0177424 0.0065232 0.0191676 0.0277448 0.0117924 0.0080523 -0.0724375 -0.0087387 -0.0289395 -0.0362177 -0.0279658 -0.0119398 -0.0182795 -0.0372016 -0.0422355 -0.0339086 0.0140646 -0.0265943 0.0215913 0.0147340 0.0131921 -0.0032378 -0.0121268 0.0021643 -0.0252606 0.0070206 -0.0245822 0.0217216 -0.0270721 -0.0563452 -0.0526030 -0.0138504 -0.0227566 -0.0204372 -0.0359554 -0.0659309 -0.0353244 -0.1416427 -0.1499565 -0.0364169 -0.0419373 -0.0246455 -0.0813934 -0.0503647 -0.1908711 -0.0499104 -0.0905971 -0.0702270 -0.0717068 -0.0308426 -0.1403200 -0.0471621 -0.1685037
0.0717690 0.0786696 0.1153139 0.0737046 0.1312522 0.8602104 0.1298387 0.1238984 0.0757766 0.0733216 0.0720129 0.0788928 0.0732349 0.0717580 0.0720473 0.0762070 -0.0644417 -0.0403717 -0.0343815 -0.0502264 -0.0601261 -0.0285681 -0.0503180 -0.0467727 0.0378511 0.0323080 0.0356298 0.0245613 0.0311656 0.0350478 0.0407863 0.0294439 0.0379131 0.0312611 0.0134978 0.0397612 0.0217826 0.0255803 0.0281105 0.0300365 0.0132136 0.0141397 0.0204025 0.0045018 0.0189811 0.0269901 0.0112751 0.0055401 -0.0728954 -0.0116815 -0.0324445 -0.0361212 -0.0281741 -0.0117217 -0.0209610 -0.0338843 -0.0477533 -0.0347824 0.0102877 -0.0248998 0.0202784 0.0095336 0.0097196 -0.0006481 -0.0152264 0.0022838 -0.0262217 0.0052381 -0.0222500 0.0195783 -0.0305980 -0.0565785 -0.0514190 -0.0149836 -0.0235446 -0.0202376 -0.0338128 -0.0676122 -0.0337430 -0.1377803 -0.1477414 -0.0356238 -0.0381449 -0.0229253 -0.0827213 -0.0465762 -0.1873263 -0.0513205 -0.0888216 -0.0734798 -0.0750719 -0.0309248 -0.1365988 -0.0483455 -0.1648539
0.0739357 0.0802630 0.1361133 0.0717514 0.1349539 0.1298387 0.8541894 0.1390193 0.0774127 0.0765880 0.0742718 0.0812038 0.0758563 0.0766869 0.0706034 0.0776104 -0.0700969 -0.0398188 -0.0334457 -0.0470260 -0.0617284 -0.0295693 -0.0508719 -0.0524294 0.0349010 0.0299411 0.0343844 0.0252885 0.0284304 0.0354872 0.0438492 0.0305578 0.0362069 0.0326040 0.0175053 0.0419661 0.0225202 0.0293392 0.0333954 0.0345996 0.0131636 0.0119786 0.0179255 0.0040878 0.0156658 0.0255458 0.0092648 0.0057054 -0.0739590 -0.0104136 -0.0300894 -0.0396489 -0.0293634 -0.0131070 -0.0226057 -0.0367045 -0.0422751 -0.0364325 0.0085419 -0.0307673 0.0165735 0.0102706 0.0099506 -0.0023540 -0.0135813 0.0024363 -0.0246990 0.0052082 -0.0266764 0.0208025 -0.0301422 -0.0575616 -0.0533251 -0.0157981 -0.0237105 -0.0198416 -0.0371891 -0.0655241 -0.0368439 -0.1418880 -0.1494135 -0.0371571 -0.0389878 -0.0274338 -0.0837910 -0.0515910 -0.1950924 -0.0539024 -0.0928698 -0.0723446 -0.0738026 -0.0341552 -0.1427163 -0.0508363 -0.1737857
0.0786808 0.0808105 0.1217454 0.0774802 0.1286751 0.1238984 0.1390193 0.8639235 0.0793415 0.0748270 0.0749710 0.0840436 0.0747452 0.0766534 0.0750382 0.0761967 -0.0678067 -0.0429296 -0.0329122 -0.0515260 -0.0621368 -0.0277696 -0.0510285 -0.0531446 0.0361927 0.0334023 0.0345460 0.0255020 0.0290269 0.0331708 0.0443335 0.0319326 0.0383574 0.0323157 0.0167398 0.0439001 0.0257325 0.0308365 0.0347324 0.0331156 0.0145062 0.0129775 0.0200923 0.0063561 0.0151398 0.0300871 0.0092248 0.0089733 -0.0751117 -0.0092297 -0.0325291 -0.0337825 -0.0296719 -0.0115817 -0.0185114 -0.0374255 -0.0442843 -0.0385988 0.0089274 -0.0254790 0.0207247 0.0107900 0.0107092 -0.0050651 -0.0159823 0.0022923 -0.0276148 0.0077064 -0.0239876 0.0199847 -0.0284914 -0.0554914 -0.0529869 -0.0121519 -0.0255957 -0.0193040 -0.0347863 -0.0676044 -0.0357984 -0.1422828 -0.1495852 -0.0389654 -0.0387343 -0.0243754 -0.0807448 -0.0515753 -0.1948606 -0.0478960 -0.0935788 -0.0723507 -0.0746986 -0.0324958 -0.1432420 -0.0462216 -0.1699076
0.0712504 0.0738822 0.0749212 0.0714381 0.0753819 0.0757766 0.0774127 0.0793415 0.8684223 0.1144292 0.1209392 0.1169425 0.1174284 0.1109733 0.0770728 0.0817645 -0.0679578 -0.0398722 -0.0357987 -0.0453485 -0.0620961 -0.0311497 -0.0486611 -0.0475314 0.0374774 0.0268390 0.0347584 0.0273000 0.0306018 0.0345711 0.0426311 0.0321914 0.0367262 0.0312409 0.0142333 0.0410265 0.0257813 0.0286656 0.0302937 0.0301003 0.0116741 0.0070499 0.0165539 0.0118741 0.0210980 0.0282563 0.0145469 0.0098309 -0.0730390 -0.0101935 -0.0265561 -0.0435178 -0.0290973 -0.0123950 -0.0131946 -0.0347408 -0.0445770 -0.0305831 0.0106107 -0.0223422 0.0179207 0.0111377 0.0124728 -0.0025507 -0.0149315 0.0039754 -0.0248205 0.0092703 -0.0236588 0.0216797 -0.0268896 -0.0552917 -0.0452864 -0.0171556 -0.0260624 -0.0219928 -0.0414766 -0.0649408 -0.0345770 -0.1391284 -0.1418830 -0.0352416 -0.0451153 -0.0218243 -0.0849880 -0.0525527 -0.1872701 -0.0458609 -0.0917697 -0.0777340 -0.0783451 -0.0295943 -0.1429546 -0.0446212 -0.1691584
0.0690993 0.0724558 0.0747901 0.0655997 0.0728746 0.0733216 0.0765880 0.0748270 0.1144292 0.8625495 0.1068075 0.1130177 0.1291040 0.1109812 0.0702651 0.0758665 -0.0664683 -0.0389045 -0.0376530 -0.0440293 -0.0597196 -0.0301562 -0.0479021 -0.0440635 0.0333041 0.0277821 0.0313139 0.0272959 0.0290968 0.0310893 0.0388921 0.0295697 0.0350157 0.0300135 0.0165985 0.0411538 0.0212753 0.0269702 0.0325199 0.0316538 0.0089024 0.0096407 0.0175532 0.0110924 0.0180113 0.0246504 0.0114454 0.0103000 -0.0741668 -0.0081831 -0.0272035 -0.0351106 -0.0273353 -0.0084978 -0.0188160 -0.0328920 -0.0425412 -0.0332609 0.0098941 -0.0232433 0.0178588 0.0095254 0.0092184 -0.0047503 -0.0120558 0.0023887 -0.0253884 0.0096745 -0.0243320 0.0162079 -0.0300383 -0.0530457 -0.0452313 -0.0170589 -0.0265659 -0.0211057 -0.0369752 -0.0632451 -0.0336443 -0.1335817 -0.1414131 -0.0353034 -0.0399509 -0.0210792 -0.0833966 -0.0483658 -0.1822916 -0.0488891 -0.0890299 -0.0733551 -0.0735472 -0.0305877 -0.1359428 -0.0460306 -0.1614328
0.0666284 0.0725311 0.0727864 0.0691466 0.0718734 0.0720129 0.0742718 0.0749710 0.1209392 0.1068075 0.8824003 0.1230605 0.1138176 0.1094080 0.0752506 0.0760409 -0.0652719 -0.0392198 -0.0321098 -0.0488320 -0.0598035 -0.0305740 -0.0490353 -0.0478001 0.0345986 0.0273913 0.0325763 0.0284612 0.0330078 0.0331210 0.0433218 0.0288013 0.0355254 0.0298839 0.0161002 0.0429951 0.0277343 0.0290422 0.0332406 0.0299911 0.0127878 0.0127914 0.0209709 0.0108045 0.0197120 0.0286747 0.0118438 0.0106427 -0.0718573 -0.0103928 -0.0237469 -0.0390318 -0.0256390 -0.0121359 -0.0151292 -0.0349765 -0.0427212 -0.0292209 0.0166434 -0.0178017 0.0196326 0.0111698 0.0117785 -0.0016735 -0.0142603 0.0027045 -0.0241595 0.0106232 -0.0249417 0.0165547 -0.0275578 -0.0549054 -0.0454467 -0.0157206 -0.0225956 -0.0211943 -0.0370853 -0.0621756 -0.0359676 -0.1351749 -0.1410907 -0.0362968 -0.0377285 -0.0214343 -0.0846987 -0.0521930 -0.1841000 -0.0461557 -0.0925619 -0.0712850 -0.0717572 -0.0267402 -0.1406352 -0.0416747 -0.1656176
0.0759386 0.0765102 0.0758153 0.0706312 0.0767474 0.0788928 0.0812038 0.0840436 0.1169425 0.1130177 0.1230605 0.8748534 0.1205572 0.1145201 0.0722920 0.0819976 -0.0685932 -0.0377018 -0.0348774 -0.0476580 -0.0636869 -0.0277287 -0.0485945 -0.0493245 0.0334674 0.0255760 0.0334376 0.0262542 0.0290434 0.0311900 0.0412594 0.0295037 0.0354240 0.0310710 0.0195987 0.0445438 0.0268815 0.0263287 0.0323952 0.0286673 0.0128163 0.0105251 0.0223746 0.0085460 0.0207832 0.0255945 0.0136576 0.0079648 -0.0779057 -0.0122430 -0.0280212 -0.0392484 -0.0260632 -0.0096199 -0.0168840 -0.0379737 -0.0441431 -0.0274906 0.0118791 -0.0243870 0.0158645 0.0090972 0.0102993 -0.0046268 -0.0140391 0.0013421 -0.0232675 0.0082875 -0.0246558 0.0201997 -0.0263712 -0.0571671 -0.0475620 -0.0214072 -0.0286856 -0.0199722 -0.0390241 -0.0674955 -0.0343754 -0.1360339 -0.1434964 -0.0376491 -0.0409685 -0.0260859 -0.0887124 -0.0524040 -0.1843565 -0.0498381 -0.0921819 -0.0754487 -0.0761438 -0.0332368 -0.1384583 -0.0486722 -0.1689110
0.0674692 0.0753914 0.0764283 0.0663616 0.0744392 0.0732349 0.0758563 0.0747452 0.1174284 0.1291040 0.1138176 0.1205572 0.8666735 0.1193285 0.0743744 0.0773409 -0.0718745 -0.0388234 -0.0360297 -0.0479757 -0.0635455 -0.0290670 -0.0498095 -0.0488605 0.0331763 0.0273143 0.0369975 0.0260395 0.0305292 0.0325787 0.0416804 0.0303819 0.0384562 0.0314631 0.0137586 0.0412892 0.0264671 0.0316165 0.0358541 0.0292665 0.0091394 0.0090946 0.0206502 0.0138218 0.0180926 0.0263289 0.0140451 0.0066889 -0.0744409 -0.0084144 -0.0306926 -0.0348437 -0.0242645 -0.0153656 -0.0154593 -0.0368123 -0.0447865 -0.0316106 0.0135670 -0.0241970 0.0207116 0.0095399 0.0105824 -0.0062615 -0.0117234 0.0033627 -0.0270827 0.0076482 -0.0250229 0.0191464 -0.0289018 -0.0547230 -0.0507518 -0.0156423 -0.0260689 -0.0190139 -0.0378213 -0.0634512 -0.0340494 -0.1408870 -0.1450462 -0.0390679 -0.0448378 -0.0214066 -0.0868982 -0.0532673 -0.1888478 -0.0499455 -0.0917801 -0.0758896 -0.0758336 -0.0308291 -0.1429757 -0.0448625 -0.1700253
0.0652565 0.0699548 0.0714883 0.0659861 0.0713983 0.0717580 0.0766869 0.0766534 0.1109733 0.1109812 0.1094080 0.1145201 0.1193285 0.8730800 0.0742245 0.0701944 -0.0629221 -0.0367926 -0.0312979 -0.0486167 -0.0596066 -0.0261622 -0.0484900 -0.0441672 0.0358624 0.0222711 0.0303600 0.0264554 0.0308997 0.0295335 0.0372797 0.0275874 0.0306913 0.0299664 0.0155374 0.0404816 0.0263244 0.0267803 0.0304278 0.0318334 0.0100680 0.0116573 0.0211409 0.0097053 0.0165965 0.0273267 0.0131166 0.0109500 -0.0724112 -0.0107755 -0.0281156 -0.0369154 -0.0276246 -0.0139754 -0.0159512 -0.0330732 -0.0449074 -0.0310736 0.0129075 -0.0221184 0.0184163 0.0082747 0.0098712 -0.0027211 -0.0133964 0.0003635 -0.0264700 0.0106739 -0.0232874 0.0158122 -0.0293598 -0.0560051 -0.0469896 -0.0153246 -0.0237403 -0.0171359 -0.0337468 -0.0621043 -0.0347410 -0.1361831 -0.1399170 -0.0388460 -0.0408248 -0.0225642 -0.0852853 -0.0511400 -0.1830301 -0.0492818 -0.0912310 -0.0719307 -0.0723322 -0.0280731 -0.1384116 -0.0376273 -0.1650573
0.0681920 0.0697811 0.0742575 0.0671518 0.0707005 0.0720473 0.0706034 0.0750382 0.0770728 0.0702651 0.0752506 0.0722920 0.0743744 0.0742245 0.8616836 0.0731531 -0.0567296 -0.0347889 -0.0303962 -0.0465855 -0.0530924 -0.0199855 -0.0439974 -0.0417921 0.0308431 0.0269928 0.0342279 0.0232381 0.0281668 0.0312100 0.0406213 0.0252677 0.0333384 0.0275863 0.0196987 0.0346544 0.0227639 0.0304230 0.0298174 0.0297768 0.0097221 0.0117214 0.0184268 0.0093918 0.0163639 0.0285520 0.0061034 0.0106826 -0.0660042 -0.0081242 -0.0222150 -0.0344298 -0.0242437 -0.0071476 -0.0114906 -0.0339454 -0.0370613 -0.0228870 0.0140157 -0.0182701 0.0174633 0.0091557 0.0078297 -0.0057418 -0.0126198 -0.0002992 -0.0223109 0.0104435 -0.0240008 0.0164905 -0.0242664 -0.0470177 -0.0422768 -0.0164674 -0.0236996 -0.0200252 -0.0344533 -0.0583636 -0.0306254 -0.1221682 -0.1291250 -0.0303978 -0.0301756 -0.0189905 -0.0735649 -0.0463201 -0.1722429 -0.0421465 -0.0810011 -0.0665724 -0.0674132 -0.0300853 -0.1228341 -0.0420786 -0.1511778
0.0681477 0.0729735 0.0743219 0.0695707 0.0752215 0.0762070 0.0776104 0.0761967 0.0817645 0.0758665 0.0760409 0.0819976 0.0773409 0.0701944 0.0731531 0.8652961 -0.0656506 -0.0376758 -0.0342878 -0.0438334 -0.0568218 -0.0261328 -0.0468784 -0.0428641 0.0353995 0.0324807 0.0356656 0.0245560 0.0315538 0.0331085 0.0429071 0.0333150 0.0423581 0.0279415 0.0203688 0.0412096 0.0237398 0.0311310 0.0320787 0.0289064 0.0134674 0.0139593 0.0240032 0.0066263 0.0163101 0.0300233 0.0123669 0.0084341 -0.0663273 -0.0092590 -0.0234747 -0.0358226 -0.0243761 -0.0076222 -0.0147591 -0.0363826 -0.0407138 -0.0249351 0.0125016 -0.0176596 0.0211516 0.0101881 0.0098002 -0.0029245 -0.0101129 0.0044518 -0.0221592 0.0088929 -0.0250099 0.0179840 -0.0219739 -0.0510270 -0.0427178 -0.0122334 -0.0250022 -0.0131014 -0.0331227 -0.0615622 -0.0305574 -0.1258045 -0.1338080 -0.0317687 -0.0374707 -0.0227711 -0.0747868 -0.0477055 -0.1793819 -0.0439399 -0.0835439 -0.0709559 -0.0715264 -0.0275914 -0.1097213 -0.0459631 -0.1580859
-0.0580904 -0.0647545 -0.0612494 -0.0592220 -0.0680519 -0.0644417 -0.0700969 -0.0678067 -0.0679578 -0.0664683 -0.0652719 -0.0685932 -0.0718745 -0.0629221 -0.0567296 -0.0656506 1.1183391 0.0518047 0.0541261 0.0824514 0.0870154 0.0388108 0.0630239 0.0792712 -0.0531430 -0.0473651 -0.0522729 -0.0354562 -0.0512311 -0.0517400 -0.0651202 -0.0575301 -0.0611290 -0.0285753 -0.0241332 -0.0571680 -0.0373397 -0.0400153 -0.0494119 -0.0493793 -0.0172033 -0.0199393 -0.0455784 -0.0261421 -0.0350318 -0.0360705 -0.0194176 -0.0397171 0.0643700 -0.0148209 0.0078972 0.0253345 -0.0118153 0.0004939 0.0075366 0.0164395 0.0321139 0.0088095 -0.0450690 0.0011024 -0.0406848 -0.0424942 -0.0403356 -0.0208658 -0.0097994 -0.0191443 -0.0036347 -0.0390017 -0.0002275 -0.0394779 0.0008342 0.0348260 0.0336489 -0.0006505 0.0057456 -0.0064317 0.0146814 0.0314487 0.0180211 0.1162104 0.1225646 0.0156784 0.0270276 -0.0012386 0.0650756 0.0224457 0.1723627 0.0261386 0.0729905 0.0257419 0.0286743 -0.0067618 0.1171920 0.0314995 0.1487103
-0.0346070 -0.0328751 -0.0412003 -0.0367359 -0.0381796 -0.0403717 -0.0398188 -0.0429296 -0.0398722 -0.0389045 -0.0392198 -0.0377018 -0.0388234 -0.0367926 -0.0347889 -0.0376758 0.0518047 1.0480257 0.0537607 0.0618055 0.0556138 0.0405773 0.0528682 0.0495001 -0.0344407 -0.0414200 -0.0374560 -0.0327016 -0.0308193 -0.0412680 -0.0460949 -0.0400671 -0.0422643 -0.0187696 -0.0299020 -0.0448726 -0.0297615 -0.0335242 -0.0378297 -0.0406181 -0.0161707 -0.0307068 -0.0269731 -0.0179258 -0.0215045 -0.0341269 -0.0238751 -0.0280850 0.0254177 -0.0161058 0.0043980 -0.0067528 -0.0123317 -0.0014119 -0.0187460 0.0022086 0.0098453 0.0075942 -0.0318441 -0.0040353 -0.0357512 -0.0351233 -0.0343013 -0.0188213 -0.0107314 -0.0225183 -0.0066437 -0.0290428 -0.0141689 -0.0306708 -0.0096262 0.0212633 0.0131669 -0.0054270 -0.0001370 0.0081139 0.0013534 0.0259089 0.0129476 0.0682088 0.0701327 0.0087590 0.0154231 -0.0038598 0.0400567 0.0224900 0.1116072 0.0055628 0.0385623 0.0173665 0.0191922 0.0037161 0.0802055 0.0027811 0.1000139
-0.0339163 -0.0309746 -0.0325952 -0.0313849 -0.0371876 -0.0343815 -0.0334457 -0.0329122 -0.0357987 -0.0376530 -0.0321098 -0.0348774 -0.0360297 -0.0312979 -0.0303962 -0.0342878 0.0541261 0.0537607 1.0502197 0.0534987 0.0646321 0.0406304 0.0446694 0.0493631 -0.0329197 -0.0307479 -0.0289192 -0.0303932 -0.0329350 -0.0397897 -0.0408311 -0.0378991 -0.0405276 -0.0167703 -0.0318874 -0.0334006 -0.0320713 -0.0330255 -0.0374535 -0.0297147 -0.0198698 -0.0272262 -0.0315484 -0.0210564 -0.0091804 -0.0290455 -0.0266719 -0.0235276 0.0318091 -0.0095888 0.0027085 -0.0057455 -0.0028926 -0.0031321 -0.0092874 0.0142433 0.0007204 -0.0002337 -0.0336612 0.0008649 -0.0352670 -0.0316746 -0.0299720 -0.0111541 -0.0136171 -0.0194966 -0.0054329 -0.0237803 -0.0181257 -0.0274764 -0.0165918 0.0038289 0.0088913 -0.0029643 -0.0044232 -0.0025619 0.0034077 0.0132905 0.0017823 0.0671490 0.0749506 -0.0035090 0.0167315 -0.0161845 0.0305214 0.0132728 0.1000627 0.0059236 0.0138720 0.0158714 0.0161942 -0.0005437 0.0697104 0.0045835 0.0802329
-0.0449456 -0.0431499 -0.0519746 -0.0475512 -0.0511146 -0.0502264 -0.0470260 -0.0515260 -0.0453485 -0.0440293 -0.0488320 -0.0476580 -0.0479757 -0.0486167 -0.0465855 -0.0438334 0.0824514 0.0618055 0.0534987 1.1050026 0.0643606 0.0577722 0.0841236 0.0569263 -0.0424071 -0.0402554 -0.0428524 -0.0372488 -0.0437282 -0.0475504 -0.0574152 -0.0470320 -0.0504285 -0.0227040 -0.0331018 -0.0455465 -0.0267836 -0.0412513 -0.0431362 -0.0451709 -0.0307286 -0.0334428 -0.0433378 -0.0257842 -0.0260451 -0.0423318 -0.0352068 -0.0230960 0.0434359 -0.0067321 0.0101691 0.0160393 0.0101792 -0.0051687 -0.0089912 -0.0029420 0.0111800 0.0133936 -0.0347746 0.0059541 -0.0403639 -0.0387565 -0.0377025 -0.0272389 -0.0074610 -0.0252902 -0.0009604 -0.0245507 -0.0172861 -0.0290304 -0.0089487 0.0123002 0.0152542 0.0122613 0.0092988 -0.0123054 0.0011839 0.0231932 0.0029903 0.0853852 0.0709589 0.0014030 -0.0065396 -0.0012877 0.0284961 0.0156380 0.1404933 0.0187346 0.0545501 0.0309218 0.0333456 0.0050185 0.0988372 -0.0117941 0.1187162
-0.0502080 -0.0585770 -0.0589559 -0.0571138 -0.0605530 -0.0601261 -0.0617284 -0.0621368 -0.0620961 -0.0597196 -0.0598035 -0.0636869 -0.0635455 -0.0596066 -0.0530924 -0.0568218 0.0870154 0.0556138 0.0646321 0.0643606 1.1294961 0.0548162 0.0702692 0.0735078 -0.0511431 -0.0417870 -0.0401288 -0.0425682 -0.0476669 -0.0571045 -0.0538025 -0.0549403 -0.0603316 -0.0273174 -0.0373979 -0.0556156 -0.0493661 -0.0418169 -0.0488860 -0.0453110 -0.0202289 -0.0331080 -0.0436673 -0.0269394 -0.0289553 -0.0410033 -0.0299932 -0.0427313 0.0580804 -0.0046239 0.0011475 0.0269791 0.0046421 -0.0133176 -0.0138802 0.0114033 0.0173518 -0.0013965 -0.0453420 -0.0022003 -0.0460443 -0.0334898 -0.0337650 -0.0136411 -0.0104622 -0.0262146 -0.0021974 -0.0451130 -0.0079972 -0.0335969 0.0017107 0.0304939 0.0251455 0.0003079 0.0086029 -0.0159860 0.0115079 0.0489372 0.0049355 0.1051648 0.1119187 0.0097338 0.0138770 0.0047474 0.0519655 0.0161758 0.1710259 0.0251386 0.0709071 0.0330731 0.0346456 0.0157737 0.1180931 0.0306271 0.1377699
-0.0220881 -0.0254915 -0.0278924 -0.0263982 -0.0283603 -0.0285681 -0.0295693 -0.0277696 -0.0311497 -0.0301562 -0.0305740 -0.0277287 -0.0290670 -0.0261622 -0.0199855 -0.0261328 0.0388108 0.0405773 0.0406304 0.0577722 0.0548162 1.0503089 0.0549893 0.0585393 -0.0382876 -0.0263133 -0.0315726 -0.0215921 -0.0343604 -0.0386944 -0.0409824 -0.0341799 -0.0403143 -0.0150466 -0.0261456 -0.0345511 -0.0298223 -0.0257272 -0.0391539 -0.0298624 -0.0216696 -0.0311665 -0.0294249 -0.0197427 -0.0199747 -0.0339180 -0.0287327 -0.0242863 0.0263536 -0.0162802 0.0062554 0.0087039 0.0076448 -0.0095887 -0.0147237 -0.0031964 -0.0043400 0.0074183 -0.0226008 0.0019247 -0.0393047 -0.0260900 -0.0248114 -0.0199289 -0.0226148 -0.0252677 -0.0115411 -0.0245729 -0.0183318 -0.0247198 -0.0203862 0.0061740 0.0046174 -0.0025264 -0.0040279 -0.0086582 0.0018572 0.0273796 0.0203470 0.0536616 0.0461974 -0.0056938 -0.0066516 -0.0004911 0.0181821 0.0095349 0.0875152 0.0051338 0.0224362 0.0163132 0.0189920 -0.0022746 0.0619845 -0.0044701 0.0746255
-0.0463384 -0.0461399 -0.0506735 -0.0455268 -0.0502586 -0.0503180 -0.0508719 -0.0510285 -0.0486611 -0.0479021 -0.0490353 -0.0485945 -0.0498095 -0.0484900 -0.0439974 -0.0468784 0.0630239 0.0528682 0.0446694 0.0841236 0.0702692 0.0549893 1.0823344 0.0634160 -0.0423873 -0.0427752 -0.0443752 -0.0399482 -0.0422335 -0.0477627 -0.0462798 -0.0428490 -0.0484719 -0.0224730 -0.0318709 -0.0517214 -0.0404439 -0.0394298 -0.0477924 -0.0423517 -0.0180485 -0.0286123 -0.0366149 -0.0205322 -0.0297291 -0.0362614 -0.0314800 -0.0273491 0.0359268 -0.0063220 0.0120961 0.0176687 0.0019565 -0.0051172 -0.0117402 0.0097375 0.0042682 0.0218134 -0.0286970 0.0049116 -0.0438282 -0.0331946 -0.0307254 -0.0267404 -0.0152600 -0.0186343 -0.0070221 -0.0289188 -0.0108827 -0.0299111 -0.0129547 0.0198284 0.0114668 0.0082387 -0.0006401 -0.0123927 0.0079764 0.0245653 0.0141818 0.0956455 0.0840621 0.0082651 0.0070418 0.0065046 0.0453620 0.0205846 0.1331628 0.0299260 0.0574778 0.0258929 0.0274986 0.0028014 0.0954941 0.0097170 0.1227322
-0.0371542 -0.0452835 -0.0479362 -0.0400262 -0.0473180 -0.0467727 -0.0524294 -0.0531446 -0.0475314 -0.0440635 -0.0478001 -0.0493245 -0.0488605 -0.0441672 -0.0417921 -0.0428641 0.0792712 0.0495001 0.0493631 0.0569263 0.0735078 0.0585393 0.0634160 1.0718223 -0.0381942 -0.0275886 -0.0423694 -0.0287480 -0.0387183 -0.0445241 -0.0485271 -0.0357864 -0.0492077 -0.0210805 -0.0357979 -0.0432902 -0.0308538 -0.0309835 -0.0384113 -0.0406623 -0.0168169 -0.0284811 -0.0371184 -0.0217806 -0.0202897 -0.0321275 -0.0217658 -0.0351942 0.0297654 -0.0115178 0.0109749 0.0204876 -0.0047669 -0.0071648 0.0000402 0.0036637 0.0110376 0.0076439 -0.0344977 -0.0102390 -0.0355842 -0.0304648 -0.0292479 -0.0260235 -0.0152487 -0.0280129 -0.0056789 -0.0357480 -0.0056520 -0.0232787 -0.0043639 0.0261333 0.0202282 -0.0053344 -0.0003358 -0.0018970 0.0127050 0.0321187 0.0012645 0.0773254 0.0679035 -0.0004011 0.0083023 -0.0057300 0.0453572 0.0098799 0.1252163 0.0073859 0.0358872 0.0314464 0.0329284 -0.0023721 0.0846164 0.0088173 0.1040415
0.0323759 0.0329278 0.0319208 0.0340194 0.0377810 0.0378511 0.0349010 0.0361927 0.0374774 0.0333041 0.0345986 0.0334674 0.0331763 0.0358624 0.0308431 0.0353995 -0.0531430 -0.0344407 -0.0329197 -0.0424071 -0.0511431 -0.0382876 -0.0423873 -0.0381942 0.8506923 0.0239612 0.0299240 0.0437373 0.0577806 0.0700684 0.0723529 0.0491404 0.0308000 0.0193227 0.0151652 0.0324847 0.0204987 0.0203120 0.0186018 0.0280572 0.0055072 0.0074996 0.0188245 0.0073238 0.0158347 0.0213703 0.0055771 0.0033629 -0.0512082 -0.0124348 -0.0234275 -0.0226115 -0.0231116 -0.0078264 -0.0175436 -0.0168912 -0.0249058 -0.0227791 0.0100413 -0.0139729 0.0084863 0.0011145 0.0014283 0.0030691 -0.0051579 0.0051741 -0.0139750 0.0045755 -0.0072284 0.0170338 -0.0125744 -0.0337863 -0.0345135 -0.0134522 -0.0175620 -0.0060739 -0.0245375 -0.0389053 -0.0288909 -0.0841596 -0.0998745 -0.0216631 -0.0177076 -0.0090307 -0.0590924 -0.0347969 -0.1298161 -0.0259735 -0.0556758 -0.0492961 -0.0502872 -0.0165779 -0.0973546 -0.0268218 -0.1183400
0.0276624 0.0285014 0.0283488 0.0264722 0.0295839 0.0323080 0.0299411 0.0334023 0.0268390 0.0277821 0.0273913 0.0255760 0.0273143 0.0222711 0.0269928 0.0324807 -0.0473651 -0.0414200 -0.0307479 -0.0402554 -0.0417870 -0.0263133 -0.0427752 -0.0275886 0.0239612 0.8696265 0.0649137 0.0150909 0.0337512 0.0227467 0.0321353 0.0239910 0.0276996 0.0169519 0.0084505 0.0297602 0.0136822 0.0158275 0.0200099 0.0253395 0.0036637 0.0108379 0.0102582 0.0006109 0.0056638 0.0203033 0.0078175 0.0010715 -0.0402683 -0.0019783 -0.0146674 -0.0209461 -0.0063935 0.0009313 -0.0001026 -0.0235962 -0.0205432 -0.0155849 0.0105038 -0.0085531 0.0227523 0.0101617 0.0091723 0.0005980 -0.0049632 0.0018512 -0.0176322 0.0009334 -0.0130831 0.0112650 -0.0162266 -0.0321947 -0.0212800 -0.0067470 -0.0088723 -0.0128128 -0.0182030 -0.0390606 -0.0175084 -0.0690835 -0.0796412 -0.0128091 -0.0217539 -0.0054461 -0.0421512 -0.0189434 -0.1260486 -0.0232803 -0.0531102 -0.0422801 -0.0420124 -0.0114554 -0.0779260 -0.0277627 -0.0980607
0.0294975 0.0316228 0.0352637 0.0328057 0.0369449 0.0356298 0.0343844 0.0345460 0.0347584 0.0313139 0.0325763 0.0334376 0.0369975 0.0303600 0.0342279 0.0356656 -0.0522729 -0.0374560 -0.0289192 -0.0428524 -0.0401288 -0.0315726 -0.0443752 -0.0423694 0.0299240 0.0649137 0.8624043 0.0234936 0.0292824 0.0349899 0.0326563 0.0332329 0.0252869 0.0180731 0.0112069 0.0243227 0.0216504 0.0167617 0.0197518 0.0267768 0.0059908 0.0095936 0.0159910 0.0075326 0.0097403 0.0161388 0.0096738 0.0040314 -0.0480866 -0.0065012 -0.0256748 -0.0185170 -0.0168129 -0.0106073 -0.0105218 -0.0259906 -0.0242984 -0.0140442 0.0098434 -0.0032299 0.0160894 0.0086213 0.0077992 0.0093467 0.0014317 -0.0020287 -0.0130280 0.0034022 -0.0111892 0.0174125 -0.0073108 -0.0329688 -0.0347066 -0.0090675 -0.0101528 -0.0089443 -0.0237015 -0.0407933 -0.0214422 -0.0887478 -0.0940720 -0.0150930 -0.0206751 -0.0110289 -0.0439161 -0.0275037 -0.1241996 -0.0286627 -0.0532918 -0.0489559 -0.0501778 -0.0160220 -0.0869936 -0.0223849 -0.1044900
0.0191147 0.0211834 0.0269285 0.0258802 0.0246266 0.0245613 0.0252885 0.0255020 0.0273000 0.0272959 0.0284612 0.0262542 0.0260395 0.0264554 0.0232381 0.0245560 -0.0354562 -0.0327016 -0.0303932 -0.0372488 -0.0425682 -0.0215921 -0.0399482 -0.0287480 0.0437373 0.0150909 0.0234936 0.8773387 0.0606607 0.0391830 0.0360333 0.0494991 0.0115043 0.0152525 0.0054561 0.0247507 0.0186398 0.0153830 0.0167987 0.0081222 0.0150673 0.0118643 0.0154585 0.0043098 0.0066090 0.0251309 0.0215165 0.0069260 -0.0457407 -0.0128731 -0.0085150 -0.0155880 -0.0078957 0.0060486 -0.0085424 -0.0274233 -0.0159670 -0.0189521 0.0101897 -0.0153015 0.0136545 0.0084958 0.0082906 0.0025713 -0.0053693 -0.0013049 -0.0224632 0.0073084 -0.0097653 0.0144581 -0.0164098 -0.0226967 -0.0146261 -0.0143342 -0.0144953 -0.0091082 -0.0222795 -0.0389846 -0.0250655 -0.0730169 -0.0770519 -0.0179955 -0.0169705 -0.0112522 -0.0464402 -0.0250602 -0.1059296 -0.0246051 -0.0593470 -0.0453694 -0.0450704 -0.0245624 -0.0836018 -0.0263351 -0.0948675
0.0254736 0.0273386 0.0282083 0.0283282 0.0296069 0.0311656 0.0284304 0.0290269 0.0306018 0.0290968 0.0330078 0.0290434 0.0305292 0.0308997 0.0281668 0.0315538 -0.0512311 -0.0308193 -0.0329350 -0.0437282 -0.0476669 -0.0343604 -0.0422335 -0.0387183 0.0577806 0.0337512 0.0292824 0.0606607 0.8733090 0.0499336 0.0439120 0.0600719 0.0183308 0.0174364 0.0087569 0.0230618 0.0144360 0.0189731 0.0202295 0.0165191 0.0079593 -0.0004791 0.0124531 0.0036123 0.0055010 0.0166733 0.0049529 0.0039188 -0.0302182 -0.0117241 -0.0139461 -0.0332936 -0.0093193 0.0011682 -0.0107810 -0.0232807 -0.0203979 -0.0113818 0.0105539 -0.0125827 0.0209822 0.0122525 0.0117395 0.0083478 -0.0066345 0.0042502 -0.0163393 0.0021830 -0.0139626 0.0151634 -0.0131220 -0.0272274 -0.0267300 -0.0102788 -0.0143518 -0.0109190 -0.0219632 -0.0401277 -0.0186410 -0.0767268 -0.0819366 -0.0147381 -0.0253601 -0.0091745 -0.0514583 -0.0353607 -0.1201566 -0.0338277 -0.0532256 -0.0425356 -0.0422393 -0.0209427 -0.0882082 -0.0282372 -0.1019016
0.0269863 0.0299186 0.0345807 0.0303114 0.0339121 0.0350478 0.0354872 0.0331708 0.0345711 0.0310893 0.0331210 0.0311900 0.0325787 0.0295335 0.0312100 0.0331085 -0.0517400 -0.0412680 -0.0397897 -0.0475504 -0.0571045 -0.0386944 -0.0477627 -0.0445241 0.0700684 0.0227467 0.0349899 0.0391830 0.0499336 0.8651584 0.0681280 0.0458785 0.0172217 0.0188293 0.0131013 0.0274265 0.0213217 0.0301320 0.0178203 0.0266646 0.0059718 0.0111500 0.0225516 0.0087454 0.0146253 0.0202318 0.0121957 0.0169320 -0.0474882 -0.0131770 -0.0228866 -0.0208982 -0.0124893 -0.0048120 -0.0020652 -0.0259475 -0.0279590 -0.0195713 0.0085846 -0.0158182 0.0224916 0.0140587 0.0145894 0.0096617 -0.0088569 0.0028385 -0.0151419 0.0172659 -0.0063699 0.0225915 -0.0110958 -0.0342931 -0.0248711 -0.0174450 -0.0233443 0.0027862 -0.0284153 -0.0404580 -0.0225014 -0.0879321 -0.0933543 -0.0133276 -0.0189400 -0.0131534 -0.0513249 -0.0271747 -0.1339204 -0.0281452 -0.0608551 -0.0476772 -0.0479246 -0.0193451 -0.0933429 -0.0273550 -0.1155621
0.0392515 0.0397243 0.0449242 0.0398803 0.0463724 0.0407863 0.0438492 0.0443335 0.0426311 0.0388921 0.0433218 0.0412594 0.0416804 0.0372797 0.0406213 0.0429071 -0.0651202 -0.0460949 -0.0408311 -0.0574152 -0.0538025 -0.0409824 -0.0462798 -0.0485271 0.0723529 0.0321353 0.0326563 0.0360333 0.0439120 0.0681280 0.8545718 0.0459744 0.0294583 0.0228228 0.0146184 0.0367646 0.0269330 0.0303938 0.0289867 0.0300318 0.0130690 0.0105138 0.0249715 0.0075806 0.0152902 0.0315578 0.0116314 0.0142020 -0.0619992 -0.0039876 -0.0212756 -0.0162187 -0.0136183 -0.0044584 -0.0038958 -0.0229909 -0.0345086 -0.0244146 0.0230896 -0.0162680 0.0175481 0.0091145 0.0097990 -0.0003175 -0.0052259 0.0033354 -0.0173600 0.0144595 -0.0104551 0.0299678 -0.0160550 -0.0421796 -0.0317322 -0.0089407 -0.0128872 -0.0104920 -0.0273214 -0.0489538 -0.0278120 -0.1005965 -0.1121043 -0.0223548 -0.0250965 -0.0087209 -0.0645276 -0.0356489 -0.1494880 -0.0315373 -0.0685309 -0.0516245 -0.0526468 -0.0198010 -0.1137690 -0.0205808 -0.1348709
0.0257421 0.0297822 0.0291761 0.0283609 0.0314404 0.0294439 0.0305578 0.0319326 0.0321914 0.0295697 0.0288013 0.0295037 0.0303819 0.0275874 0.0252677 0.0333150 -0.0575301 -0.0400671 -0.0378991 -0.0470320 -0.0549403 -0.0341799 -0.0428490 -0.0357864 0.0491404 0.0239910 0.0332329 0.0494991 0.0600719 0.0458785 0.0459744 0.8693925 0.0248023 0.0168765 0.0044513 0.0299582 0.0190377 0.0181859 0.0239032 0.0153775 0.0027034 0.0080168 0.0122737 0.0050975 0.0080669 0.0220544 0.0114246 0.0043140 -0.0455002 -0.0059448 -0.0208804 -0.0150020 -0.0178366 0.0029772 -0.0049827 -0.0175420 -0.0239023 -0.0109895 0.0048388 -0.0060691 0.0171218 0.0172496 0.0164029 0.0003716 -0.0081500 0.0007940 -0.0067417 0.0044359 -0.0069757 0.0172672 -0.0011108 -0.0279740 -0.0241566 -0.0174817 -0.0198275 -0.0001222 -0.0189449 -0.0384948 -0.0246448 -0.0751365 -0.0838322 -0.0166251 -0.0256949 -0.0121819 -0.0484185 -0.0303724 -0.1137421 -0.0329441 -0.0494469 -0.0552643 -0.0555622 -0.0209089 -0.0799309 -0.0148259 -0.1016062
0.0312297 0.0300578 0.0358290 0.0334118 0.0354278 0.0379131 0.0362069 0.0383574 0.0367262 0.0350157 0.0355254 0.0354240 0.0384562 0.0306913 0.0333384 0.0423581 -0.0611290 -0.0422643 -0.0405276 -0.0504285 -0.0603316 -0.0403143 -0.0484719 -0.0492077 0.0308000 0.0276996 0.0252869 0.0115043 0.0183308 0.0172217 0.0294583 0.0248023 0.8527037 0.0194453 0.0209222 0.0416391 0.0195583 0.0334481 0.0361042 0.0367458 0.0073598 0.0151940 0.0236860 0.0109195 0.0149601 0.0163674 0.0071873 0.0163237 -0.0484836 0.0045054 -0.0166856 -0.0235384 -0.0118316 -0.0031931 -0.0050206 -0.0200960 -0.0243799 -0.0194076 0.0204086 -0.0148517 0.0182633 0.0118231 0.0111713 0.0065583 -0.0012378 0.0073911 -0.0090599 0.0150527 -0.0080104 0.0185785 -0.0124119 -0.0322428 -0.0325023 -0.0047519 -0.0130226 -0.0086057 -0.0205823 -0.0403878 -0.0232256 -0.0845216 -0.0912877 -0.0182788 -0.0231115 -0.0111462 -0.0504380 -0.0215353 -0.1402250 -0.0230876 -0.0556070 -0.0468084 -0.0475754 -0.0177021 -0.1018328 -0.0321907 -0.1074693
0.0274980 0.0293234 0.0313659 0.0277970 0.0316871 0.0312611 0.0326040 0.0323157 0.0312409 0.0300135 0.0298839 0.0310710 0.0314631 0.0299664 0.0275863 0.0279415 -0.0285753 -0.0187696 -0.0167703 -0.0227040 -0.0273174 -0.0150466 -0.0224730 -0.0210805 0.0193227 0.0169519 0.0180731 0.0152525 0.0174364 0.0188293 0.0228228 0.0168765 0.0194453 0.9531617 0.0108532 0.0210721 0.0149161 0.0157387 0.0173920 0.0170747 0.0083098 0.0091509 0.0133746 0.0057336 0.0099761 0.0148766 0.0088989 0.0100037 -0.0289224 -0.0009765 -0.0078331 -0.0122613 -0.0063395 -0.0009874 -0.0027510 -0.0125547 -0.0139913 -0.0097802 0.0117422 -0.0056630 0.0145167 0.0106067 0.0104504 0.0029906 -0.0006073 0.0046073 -0.0068956 0.0103012 -0.0053965 0.0125340 -0.0070275 -0.0195391 -0.0168000 -0.0029748 -0.0061361 -0.0039165 -0.0114662 -0.0239730 -0.0109090 -0.0565922 -0.0605207 -0.0106906 -0.0131604 -0.0041496 -0.0311547 -0.0177135 -0.0818933 -0.0157525 -0.0356555 -0.0269363 -0.0274102 -0.0093528 -0.0579389 -0.0155810 -0.0706791
0.0155979 0.0154710 0.0195570 0.0173047 0.0153708 0.0134978 0.0175053 0.0167398 0.0142333 0.0165985 0.0161002 0.0195987 0.0137586 0.0155374 0.0196987 0.0203688 -0.0241332 -0.0299020 -0.0318874 -0.0331018 -0.0373979 -0.0261456 -0.0318709 -0.0357979 0.0151652 0.0084505 0.0112069 0.0054561 0.0087569 0.0131013 0.0146184 0.0044513 0.0209222 0.0108532 0.8848628 0.0219998 0.0168863 0.0148752 0.0080374 0.0153302 -0.0024264 0.0010204 0.0134344 -0.0075275 0.0035396 0.0049557 0.0002101 0.0034430 -0.0266884 -0.0056021 -0.0072990 -0.0173390 -0.0079394 -0.0010508 -0.0060445 -0.0149299 -0.0053747 -0.0044671 0.0082413 -0.0040083 0.0063649 0.0006536 -0.0002789 0.0029940 -0.0050237 0.0051156 -0.0103166 0.0036722 -0.0093626 0.0138485 -0.0043056 -0.0169033 -0.0197387 -0.0073068 -0.0103425 -0.0057717 -0.0067016 -0.0199157 -0.0057239 -0.0526284 -0.0552511 -0.0091418 -0.0024342 -0.0001376 -0.0265093 -0.0179526 -0.0790126 -0.0189638 -0.0248670 -0.0305209 -0.0310907 -0.0080715 -0.0609809 -0.0103284 -0.0643362
0.0358880 0.0369626 0.0433306 0.0359526 0.0438004 0.0397612 0.0419661 0.0439001 0.0410265 0.0411538 0.0429951 0.0445438 0.0412892 0.0404816 0.0346544 0.0412096 -0.0571680 -0.0448726 -0.0334006 -0.0455465 -0.0556156 -0.0345511 -0.0517214 -0.0432902 0.0324847 0.0297602 0.0243227 0.0247507 0.0230618 0.0274265 0.0367646 0.0299582 0.0416391 0.0210721 0.0219998 0.8613573 0.0314990 0.0281214 0.0347080 0.0316389 0.0092153 0.0121946 0.0237379 0.0082709 0.0124358 0.0224925 0.0137804 0.0064928 -0.0461956 -0.0012671 -0.0169951 -0.0247601 -0.0082996 -0.0040870 -0.0101294 -0.0112436 -0.0280817 -0.0219949 0.0217667 -0.0141925 0.0210246 0.0165429 0.0159444 0.0037852 0.0031665 0.0108509 -0.0140937 0.0091696 -0.0106750 0.0253688 -0.0131253 -0.0307412 -0.0281659 -0.0114327 -0.0122879 -0.0088122 -0.0230570 -0.0423054 -0.0253217 -0.1002617 -0.1035630 -0.0174869 -0.0202561 -0.0136194 -0.0530003 -0.0358537 -0.1421408 -0.0283318 -0.0656531 -0.0516240 -0.0526096 -0.0204247 -0.1059215 -0.0302164 -0.1259668
0.0239202 0.0234163 0.0300214 0.0250490 0.0269162 0.0217826 0.0225202 0.0257325 0.0257813 0.0212753 0.0277343 0.0268815 0.0264671 0.0263244 0.0227639 0.0237398 -0.0373397 -0.0297615 -0.0320713 -0.0267836 -0.0493661 -0.0298223 -0.0404439 -0.0308538 0.0204987 0.0136822 0.0216504 0.0186398 0.0144360 0.0213217 0.0269330 0.0190377 0.0195583 0.0149161 0.0168863 0.0314990 0.8701833 0.0201043 0.0278696 0.0208162 -0.0015963 0.0019124 0.0159223 -0.0015448 0.0108187 0.0120813 0.0022191 0.0044700 -0.0355921 -0.0063910 -0.0131613 -0.0120542 -0.0109305 -0.0032292 0.0004799 -0.0261368 -0.0199406 -0.0146436 0.0171212 -0.0052088 0.0110473 0.0054749 0.0060835 -0.0009166 0.0042651 -0.0002931 -0.0105029 0.0052838 -0.0064594 0.0228804 -0.0115609 -0.0219352 -0.0207983 -0.0060269 -0.0070386 -0.0047882 -0.0136228 -0.0331295 -0.0227214 -0.0864132 -0.0889776 -0.0168792 -0.0225984 -0.0065636 -0.0355907 -0.0290829 -0.1058387 -0.0130869 -0.0401446 -0.0377320 -0.0386019 -0.0127268 -0.0803892 -0.0182808 -0.0934222
0.0260531 0.0300059 0.0273174 0.0308575 0.0302556 0.0255803 0.0293392 0.0308365 0.0286656 0.0269702 0.0290422 0.0263287 0.0316165 0.0267803 0.0304230 0.0311310 -0.0400153 -0.0335242 -0.0330255 -0.0412513 -0.0418169 -0.0257272 -0.0394298 -0.0309835 0.0203120 0.0158275 0.0167617 0.0153830 0.0189731 0.0301320 0.0303938 0.0181859 0.0334481 0.0157387 0.0148752 0.0281214 0.0201043 0.8772487 0.0243479 0.0320522 0.0034493 0.0113055 0.0253805 0.0053653 0.0072355 0.0143449 0.0112014 0.0073455 -0.0399757 -0.0016670 -0.0102606 -0.0116281 -0.0097607 -0.0077239 0.0003243 -0.0173256 -0.0220296 -0.0089265 0.0111994 -0.0171860 0.0124708 0.0067713 0.0070976 0.0021057 -0.0045892 0.0064342 -0.0084333 0.0060468 -0.0026658 0.0215745 -0.0107737 -0.0316958 -0.0237252 -0.0056029 -0.0105608 -0.0083968 -0.0192834 -0.0258828 -0.0156990 -0.0776964 -0.0917697 -0.0134884 -0.0230522 -0.0022084 -0.0373595 -0.0318627 -0.1113296 -0.0220822 -0.0445491 -0.0306906 -0.0332194 -0.0181531 -0.0864590 -0.0211118 -0.1004566
0.0293861 0.0324439 0.0325557 0.0315207 0.0367078 0.0281105 0.0333954 0.0347324 0.0302937 0.0325199 0.0332406 0.0323952 0.0358541 0.0304278 0.0298174 0.0320787 -0.0494119 -0.0378297 -0.0374535 -0.0431362 -0.0488860 -0.0391539 -0.0477924 -0.0384113 0.0186018 0.0200099 0.0197518 0.0167987 0.0202295 0.0178203 0.0289867 0.0239032 0.0361042 0.0173920 0.0080374 0.0347080 0.0278696 0.0243479 0.8600639 0.0269753 0.0039474 0.0056854 0.0154052 0.0092624 0.0056891 0.0241306 0.0106154 0.0110029 -0.0504664 0.0003899 -0.0161043 -0.0096023 -0.0128366 -0.0029712 0.0040456 -0.0158848 -0.0166627 -0.0237886 0.0122335 -0.0199861 0.0176172 0.0086630 0.0080308 0.0057240 0.0006817 0.0053080 -0.0157022 0.0110087 -0.0124638 0.0124437 -0.0147713 -0.0333034 -0.0294247 -0.0084860 -0.0107315 -0.0104823 -0.0076453 -0.0379262 -0.0166876 -0.0756294 -0.0849921 -0.0216101 -0.0259124 -0.0044133 -0.0507846 -0.0259059 -0.1288793 -0.0252207 -0.0589152 -0.0380490 -0.0390000 -0.0142351 -0.0930763 -0.0316842 -0.0998515
0.0252962 0.0295583 0.0328112 0.0286119 0.0305360 0.0300365 0.0345996 0.0331156 0.0301003 0.0316538 0.0299911 0.0286673 0.0292665 0.0318334 0.0297768 0.0289064 -0.0493793 -0.0406181 -0.0297147 -0.0451709 -0.0453110 -0.0298624 -0.0423517 -0.0406623 0.0280572 0.0253395 0.0267768 0.0081222 0.0165191 0.0266646 0.0300318 0.0153775 0.0367458 0.0170747 0.0153302 0.0316389 0.0208162 0.0320522 0.0269753 0.8627347 0.0013866 0.0127545 0.0162767 0.0082353 0.0136690 0.0205897 0.0052339 0.0143358 -0.0495921 -0.0029477 -0.0144065 -0.0144659 -0.0082878 -0.0099157 -0.0051669 -0.0158606 -0.0202372 -0.0142355 0.0101048 -0.0099089 0.0151788 0.0055774 0.0061056 -0.0002720 -0.0043776 0.0044647 -0.0106392 0.0144413 -0.0026038 0.0138793 -0.0139930 -0.0311889 -0.0302371 -0.0071963 -0.0097939 -0.0121270 -0.0180589 -0.0393790 -0.0169733 -0.0811984 -0.0921449 -0.0176367 -0.0213819 -0.0015950 -0.0478825 -0.0247190 -0.1236402 -0.0163678 -0.0545722 -0.0419571 -0.0417771 -0.0156015 -0.0854357 -0.0181291 -0.1036865
