0.0014672 0.7414837 0.2570491
0.0000994 0.7538978 0.2460028
0.0000991 0.7764532 0.2234477
0.0000995 0.7112408 0.2886598
0.0000991 0.7980095 0.2018913
0.0000992 0.7899233 0.2099776
0.0000989 0.7975847 0.2023164
0.0000990 0.8108141 0.1890869
0.0000994 0.8174544 0.1824462
0.0000996 0.8148578 0.1850426
0.0000998 0.8311625 0.1687378
0.0000996 0.8501368 0.1497637
0.0000992 0.8113660 0.1885349
0.0000996 0.8151923 0.1847080
0.0000997 0.7011763 0.2987239
0.0000995 0.7155845 0.2843161
0.5536891 0.4462113 0.0000996
0.4654025 0.5344979 0.0000996
0.4446849 0.5552155 0.0000996
0.4883700 0.5115305 0.0000996
0.5322145 0.4676859 0.0000996
0.4247309 0.5751696 0.0000996
0.4920068 0.5078936 0.0000996
0.4879830 0.5119174 0.0000996
0.0000994 0.2621223 0.7377784
0.0067081 0.2401135 0.7531784
0.0000998 0.2772378 0.7226623
0.0107424 0.2259075 0.7633501
0.0000997 0.2094646 0.7904357
0.0000991 0.1575409 0.8423600
0.0000984 0.1931216 0.8067799
0.0000995 0.1853551 0.8145454
0.0000992 0.2153619 0.7845389
0.0635885 0.2591087 0.6773028
0.0609086 0.1971169 0.7419746
0.0000990 0.2415015 0.7583995
0.0108902 0.2265640 0.7625459
0.0076170 0.2188799 0.7735031
0.0000998 0.2588946 0.7410056
0.0011584 0.2389953 0.7598463
0.1157686 0.3054662 0.5787652
0.0740925 0.2060044 0.7199031
0.0182117 0.1481880 0.8336003
0.1208979 0.2532652 0.6258368
0.0938712 0.3207094 0.5854194
0.0217945 0.2511871 0.7270184
0.0807281 0.2087343 0.7105376
0.0211947 0.0296180 0.9491873
0.4626804 0.0763317 0.4609879
0.1821491 0.1726770 0.6451738
0.2589216 0.1337622 0.6073163
0.3001156 0.1542783 0.5456061
0.2233999 0.0985218 0.6780783
0.1868638 0.1976345 0.6155017
0.1774309 0.0885264 0.7340426
0.3005532 0.1339409 0.5655059
0.2945642 0.0402929 0.6651429
0.2584520 0.1051091 0.6364389
0.0134245 0.0666631 0.9199123
0.2128958 0.1217177 0.6653865
0.0000998 0.0601545 0.9397457
0.0073171 0.0036108 0.9890720
0.0120109 0.0019802 0.9860089
0.1242391 0.1222541 0.7535068
0.1476521 0.0480777 0.8042702
0.1075083 0.1401014 0.7523903
0.2068613 0.0290810 0.7640577
0.0187892 0.0342995 0.9469112
0.1725548 0.0001001 0.8273451
0.0344714 0.1965424 0.7689862
0.2154007 0.0414088 0.7431905
0.3616249 0.0605673 0.5778078
0.3335412 0.0706493 0.5958095
0.2171281 0.1975989 0.5852729
0.2313171 0.1102685 0.6584143
0.2130944 0.1465319 0.6403737
0.2856958 0.1243568 0.5899475
0.4037217 0.0420688 0.5542095
0.2876170 0.1335030 0.5788800
0.7286263 0.0001002 0.2712735
0.7459034 0.0001004 0.2539961
0.2578873 0.0261611 0.7159515
0.2993607 0.0755125 0.6251267
0.2044220 0.0950824 0.7004957
0.4604418 0.0001001 0.5394582
0.3380129 0.0377012 0.6242859
0.9804296 0.0001002 0.0194702
0.3239353 0.0402866 0.6357781
0.5140527 0.0001000 0.4858473
0.3731082 0.0001006 0.6267911
0.3794285 0.0001006 0.6204708
0.2606202 0.0770000 0.6623797
0.7630050 0.0494071 0.1875878
0.3069149 0.0284508 0.6646343
0.8552289 0.0001003 0.1446708
