0.8523623 0.1383650 0.1016334 0.1263041 0.1023188 0.0996938 0.1041222 0.1063857 0.0999128 0.0972443 0.0925861 0.1019111 0.0957781 0.0939215 0.0995714 0.0995842 -0.0024589 0.0162006 0.0137648 0.0062075 0.0019301 0.0247177 0.0033429 0.0147732 0.0763272 0.0748610 0.0750633 0.0637753 0.0697111 0.0718779 0.0805314 0.0691003 0.0805926 0.0625262 0.0656649 0.0807453 0.0716723 0.0721516 0.0768614 0.0725407 0.0543745 0.0574923 0.0661505 0.0535114 0.0628098 0.0682558 0.0595713 0.0606707 -0.0038330 0.0467332 0.0290556 0.0151244 0.0300448 0.0384893 0.0382042 0.0174444 0.0168849 0.0215338 0.0629278 0.0345186 0.0674040 0.0548259 0.0544343 0.0545642 0.0384175 0.0528087 0.0326295 0.0609320 0.0334969 0.0644699 0.0343979 0.0093727 0.0135608 0.0419115 0.0350314 0.0318592 0.0257322 0.0030250 0.0222642 -0.0530062 -0.0591817 0.0266800 0.0231350 0.0353015 -0.0096432 0.0126513 -0.1220074 0.0182734 -0.0198862 0.0042399 0.0045745 0.0306696 -0.0659025 0.0185761 -0.0923961 -0.2767713 -0.2812031 -0.2791486 -0.2783929 -0.2773514 -0.2760609 -0.2766154 -0.2791761 -0.2802966 -0.2835055 -0.2842887 -0.2834648 -0.2836180 -0.2848698 -0.2859259 -0.2839302 -0.2861248 -0.2839091
0.1383650 0.8591338 0.1041615 0.1356341 0.1034143 0.1057489 0.1089837 0.1078050 0.1018700 0.1004090 0.0978056 0.1026979 0.1040499 0.0989807 0.1018907 0.1034032 -0.0060778 0.0202085 0.0184354 0.0088834 -0.0023692 0.0238234 0.0051603 0.0099100 0.0776776 0.0764664 0.0783814 0.0668909 0.0727761 0.0750670 0.0825381 0.0740078 0.0801340 0.0648101 0.0663082 0.0825571 0.0726070 0.0762108 0.0802964 0.0763598 0.0576703 0.0590060 0.0676668 0.0579045 0.0641249 0.0704941 0.0564780 0.0588576 -0.0043038 0.0518676 0.0293667 0.0145829 0.0312631 0.0379233 0.0394061 0.0175132 0.0148633 0.0235604 0.0648400 0.0365950 0.0668049 0.0576441 0.0576787 0.0554976 0.0427112 0.0544793 0.0369088 0.0591765 0.0333349 0.0661936 0.0350178 0.0090524 0.0140097 0.0417431 0.0362283 0.0371465 0.0237472 0.0017506 0.0248632 -0.0565012 -0.0605963 0.0268617 0.0231854 0.0337178 -0.0130367 0.0141184 -0.1249757 0.0214495 -0.0214135 0.0025735 0.0017912 0.0330458 -0.0689523 0.0225213 -0.0931965 -0.2856108 -0.2907871 -0.2874347 -0.2868119 -0.2864782 -0.2861055 -0.2850439 -0.2908494 -0.2899080 -0.2931153 -0.2913259 -0.2941171 -0.2922873 -0.2939315 -0.2938958 -0.2932942 -0.2954741 -0.2931314
0.1016334 0.1041615 0.8498302 0.1013495 0.1372280 0.1341749 0.1530274 0.1387022 0.1021019 0.1014019 0.0957179 0.1011569 0.1021076 0.0987084 0.1040090 0.1034043 -0.0014928 0.0152676 0.0193012 0.0034306 -0.0014556 0.0229627 0.0037723 0.0101693 0.0768308 0.0765042 0.0805220 0.0713433 0.0725509 0.0777991 0.0862643 0.0731162 0.0840633 0.0658119 0.0697977 0.0870907 0.0776149 0.0742989 0.0805103 0.0794205 0.0619557 0.0631249 0.0674969 0.0556046 0.0674559 0.0754189 0.0600546 0.0604965 -0.0070568 0.0472145 0.0334346 0.0138208 0.0330505 0.0389293 0.0402051 0.0181844 0.0193400 0.0224571 0.0622960 0.0356892 0.0684135 0.0564508 0.0580290 0.0514164 0.0389491 0.0493778 0.0353482 0.0603365 0.0343199 0.0638427 0.0349789 0.0110171 0.0142857 0.0441519 0.0394752 0.0346254 0.0240110 0.0006594 0.0244555 -0.0586727 -0.0660012 0.0288697 0.0266857 0.0347052 -0.0117559 0.0158660 -0.1246910 0.0140520 -0.0228242 0.0053268 0.0049783 0.0322215 -0.0714870 0.0205946 -0.0972207 -0.2892895 -0.2947044 -0.2920423 -0.2895123 -0.2888426 -0.2874688 -0.2892245 -0.2915169 -0.2938136 -0.2971565 -0.2962061 -0.2973655 -0.2964679 -0.2971314 -0.2988388 -0.2970308 -0.2992421 -0.2986449
0.1263041 0.1356341 0.1013495 0.8604702 0.0982021 0.1005683 0.1006864 0.1040071 0.0989472 0.0935048 0.0942477 0.0963305 0.0940913 0.0944750 0.0987054 0.0998505 -0.0017689 0.0167305 0.0165072 0.0043250 -0.0028981 0.0217076 0.0047167 0.0130070 0.0772826 0.0738534 0.0773007 0.0695155 0.0718358 0.0740231 0.0809872 0.0715314 0.0814431 0.0630009 0.0672651 0.0799078 0.0725911 0.0758710 0.0778246 0.0753090 0.0572833 0.0602406 0.0714489 0.0575691 0.0657637 0.0700647 0.0573614 0.0605918 -0.0029166 0.0494662 0.0333367 0.0140144 0.0310841 0.0386550 0.0422873 0.0172622 0.0182246 0.0247720 0.0644337 0.0383109 0.0652494 0.0555628 0.0569503 0.0555327 0.0429275 0.0504906 0.0328297 0.0621551 0.0334535 0.0667592 0.0352343 0.0127252 0.0130084 0.0425791 0.0380346 0.0340622 0.0250279 0.0038624 0.0242601 -0.0543348 -0.0589674 0.0277617 0.0276327 0.0370073 -0.0115435 0.0130687 -0.1231109 0.0193979 -0.0209952 0.0050785 0.0058660 0.0340386 -0.0672765 0.0206820 -0.0905342 -0.2795949 -0.2835552 -0.2800342 -0.2792585 -0.2801183 -0.2777539 -0.2789057 -0.2824079 -0.2831495 -0.2873810 -0.2855338 -0.2866832 -0.2864186 -0.2865379 -0.2873435 -0.2853539 -0.2890764 -0.2851874
0.1023188 0.1034143 0.1372280 0.0982021 0.8548367 0.1437921 0.1493291 0.1432878 0.0992435 0.0975193 0.0934076 0.0994147 0.0983619 0.0960954 0.1000321 0.1026638 -0.0054312 0.0178007 0.0151674 0.0052367 -0.0016961 0.0229622 0.0050496 0.0112717 0.0794757 0.0760914 0.0799704 0.0687289 0.0726688 0.0760904 0.0857539 0.0735207 0.0834912 0.0653302 0.0657980 0.0859399 0.0745458 0.0759695 0.0826494 0.0765649 0.0635237 0.0624525 0.0673289 0.0569931 0.0666340 0.0716322 0.0612524 0.0581261 -0.0037649 0.0493729 0.0308352 0.0172850 0.0309235 0.0397676 0.0398777 0.0171104 0.0177716 0.0230970 0.0636988 0.0312999 0.0689994 0.0606922 0.0587143 0.0535166 0.0440130 0.0536040 0.0354798 0.0582906 0.0352031 0.0692409 0.0352588 0.0089690 0.0123507 0.0440969 0.0398861 0.0359252 0.0238601 0.0004585 0.0243005 -0.0577881 -0.0657831 0.0288005 0.0238900 0.0342655 -0.0095142 0.0168660 -0.1246815 0.0165068 -0.0201497 0.0062953 0.0062515 0.0341024 -0.0701519 0.0178967 -0.0927611 -0.2883029 -0.2920156 -0.2887383 -0.2872488 -0.2873020 -0.2856651 -0.2869793 -0.2893124 -0.2901714 -0.2942089 -0.2947806 -0.2951306 -0.2944762 -0.2958648 -0.2961704 -0.2945265 -0.2978420 -0.2945760
0.0996938 0.1057489 0.1341749 0.1005683 0.1437921 0.8559430 0.1463330 0.1407050 0.1004221 0.0991579 0.0944703 0.1025528 0.0986079 0.0973175 0.1018180 0.1037830 -0.0033659 0.0156540 0.0174207 0.0052198 -0.0021254 0.0220369 0.0037968 0.0105422 0.0803378 0.0784352 0.0798828 0.0690735 0.0747479 0.0783554 0.0818852 0.0721843 0.0852550 0.0650002 0.0648780 0.0829323 0.0706797 0.0714977 0.0759358 0.0764202 0.0611041 0.0610165 0.0700719 0.0555191 0.0668283 0.0713768 0.0603304 0.0569871 -0.0050399 0.0465434 0.0277147 0.0165811 0.0308047 0.0395375 0.0377838 0.0191485 0.0134811 0.0213260 0.0608167 0.0325321 0.0677122 0.0558969 0.0564699 0.0547568 0.0419323 0.0535445 0.0345116 0.0566992 0.0370160 0.0675441 0.0319123 0.0085932 0.0119978 0.0425397 0.0380001 0.0343513 0.0245984 -0.0017972 0.0246888 -0.0573958 -0.0666647 0.0286097 0.0265383 0.0350892 -0.0124062 0.0188800 -0.1244033 0.0147709 -0.0208295 0.0024871 0.0013384 0.0330219 -0.0688368 0.0164594 -0.0922277 -0.2871628 -0.2903931 -0.2894643 -0.2871932 -0.2865683 -0.2852845 -0.2866158 -0.2902166 -0.2890698 -0.2956591 -0.2930064 -0.2939354 -0.2950573 -0.2958903 -0.2948492 -0.2930605 -0.2949785 -0.2956689
0.1041222 0.1089837 0.1530274 0.1006864 0.1493291 0.1463330 0.8553866 0.1543534 0.1036064 0.1031459 0.0977637 0.1058254 0.1024954 0.1038224 0.1024378 0.1066680 -0.0057240 0.0175287 0.0195469 0.0089534 -0.0013416 0.0228996 0.0049154 0.0072975 0.0795787 0.0783829 0.0806995 0.0711950 0.0741535 0.0797562 0.0852409 0.0753227 0.0858308 0.0673487 0.0698874 0.0866710 0.0727723 0.0767984 0.0819864 0.0820195 0.0625805 0.0607890 0.0692482 0.0571519 0.0660338 0.0717952 0.0606982 0.0584657 -0.0046990 0.0482756 0.0309439 0.0150978 0.0306410 0.0401822 0.0374464 0.0184034 0.0188104 0.0216245 0.0613870 0.0291316 0.0667111 0.0593097 0.0583178 0.0555992 0.0447319 0.0555208 0.0382022 0.0592313 0.0355035 0.0700730 0.0338488 0.0093174 0.0122042 0.0441901 0.0401717 0.0361224 0.0244719 0.0008852 0.0239393 -0.0590726 -0.0668039 0.0285119 0.0268479 0.0330852 -0.0116689 0.0164682 -0.1296400 0.0142797 -0.0220795 0.0045839 0.0043542 0.0313776 -0.0727750 0.0161926 -0.0988214 -0.2953910 -0.3008165 -0.2974478 -0.2971417 -0.2963491 -0.2933425 -0.2965838 -0.2994003 -0.2990029 -0.3039046 -0.3022318 -0.3047493 -0.3023403 -0.3047769 -0.3045132 -0.3039806 -0.3026741 -0.3038022
0.1063857 0.1078050 0.1387022 0.1040071 0.1432878 0.1407050 0.1543534 0.8572650 0.1046360 0.1002618 0.0974439 0.1069293 0.1003660 0.1020129 0.1046669 0.1049009 -0.0041426 0.0151336 0.0206289 0.0067120 -0.0010372 0.0248566 0.0049151 0.0074220 0.0802661 0.0800479 0.0803107 0.0707064 0.0743188 0.0772633 0.0852497 0.0753477 0.0871560 0.0669784 0.0683440 0.0872202 0.0750764 0.0770586 0.0821493 0.0798716 0.0638477 0.0615936 0.0706947 0.0583074 0.0649833 0.0745451 0.0600314 0.0602925 -0.0049337 0.0493473 0.0287791 0.0195337 0.0307700 0.0414798 0.0414595 0.0177820 0.0181467 0.0196489 0.0609161 0.0337976 0.0697697 0.0586588 0.0588747 0.0531191 0.0427625 0.0550418 0.0358347 0.0600966 0.0376883 0.0682055 0.0357863 0.0116118 0.0128260 0.0467941 0.0394018 0.0370668 0.0260646 0.0004624 0.0251055 -0.0582006 -0.0659177 0.0281661 0.0273744 0.0359221 -0.0081585 0.0169965 -0.1276630 0.0195726 -0.0216786 0.0053298 0.0046767 0.0335722 -0.0712818 0.0202493 -0.0941303 -0.2943483 -0.2988224 -0.2956336 -0.2942769 -0.2947387 -0.2929186 -0.2944642 -0.2978748 -0.2984797 -0.3020365 -0.3017052 -0.3014118 -0.3021118 -0.3027638 -0.3036781 -0.3013151 -0.3037836 -0.3022746
0.0999128 0.1018700 0.1021019 0.0989472 0.0992435 0.1004221 0.1036064 0.1046360 0.8579213 0.1310318 0.1334003 0.1324627 0.1341878 0.1287759 0.1065961 0.1086428 -0.0047350 0.0169129 0.0169184 0.0098380 -0.0025274 0.0216634 0.0065027 0.0108635 0.0803642 0.0755419 0.0788793 0.0711376 0.0738968 0.0778382 0.0833878 0.0756667 0.0845002 0.0656476 0.0659777 0.0841378 0.0732898 0.0748978 0.0780557 0.0771876 0.0607137 0.0561995 0.0674525 0.0617007 0.0688305 0.0722238 0.0633924 0.0612317 -0.0046224 0.0486872 0.0329057 0.0114233 0.0300006 0.0400280 0.0448948 0.0190381 0.0161034 0.0252898 0.0617437 0.0347477 0.0668879 0.0579924 0.0590583 0.0533672 0.0420561 0.0560233 0.0370717 0.0612203 0.0368236 0.0692476 0.0358892 0.0107715 0.0180575 0.0423489 0.0377660 0.0340188 0.0202786 0.0018456 0.0253423 -0.0566887 -0.0603097 0.0298731 0.0211414 0.0376014 -0.0128359 0.0148976 -0.1219874 0.0201107 -0.0211629 0.0000218 0.0004790 0.0354098 -0.0721565 0.0201920 -0.0945886 -0.2905481 -0.2941648 -0.2904772 -0.2898765 -0.2890809 -0.2886843 -0.2899029 -0.2929334 -0.2938017 -0.2969183 -0.2968564 -0.2958316 -0.2969950 -0.2980382 -0.2974350 -0.2978856 -0.3006293 -0.2969184
0.0972443 0.1004090 0.1014019 0.0935048 0.0975193 0.0991579 0.1031459 0.1002618 0.1310318 0.8538002 0.1218427 0.1298466 0.1427763 0.1280416 0.0997057 0.1036613 -0.0061830 0.0160058 0.0134295 0.0094757 -0.0022796 0.0203573 0.0049959 0.0123759 0.0765179 0.0742751 0.0753457 0.0696804 0.0715375 0.0734924 0.0799115 0.0716249 0.0826827 0.0636188 0.0662093 0.0833426 0.0684930 0.0716805 0.0787094 0.0771030 0.0570006 0.0569995 0.0668429 0.0597931 0.0649283 0.0683834 0.0589963 0.0601384 -0.0067577 0.0479517 0.0305342 0.0163136 0.0303720 0.0410898 0.0380753 0.0187413 0.0160452 0.0215976 0.0598506 0.0332113 0.0657228 0.0560680 0.0551186 0.0497944 0.0425123 0.0527866 0.0344427 0.0595740 0.0337922 0.0635137 0.0323230 0.0101559 0.0157790 0.0399897 0.0355900 0.0335119 0.0208481 0.0011289 0.0243608 -0.0545106 -0.0630132 0.0280020 0.0234500 0.0361367 -0.0136183 0.0165752 -0.1212688 0.0153236 -0.0215960 0.0017579 0.0026912 0.0323254 -0.0695093 0.0170158 -0.0902596 -0.2828655 -0.2859026 -0.2848676 -0.2817616 -0.2809964 -0.2796005 -0.2822732 -0.2838631 -0.2853098 -0.2888693 -0.2888680 -0.2891402 -0.2879832 -0.2898071 -0.2904002 -0.2887606 -0.2908058 -0.2896971
0.0925861 0.0978056 0.0957179 0.0942477 0.0934076 0.0944703 0.0977637 0.0974439 0.1334003 0.1218427 0.8672631 0.1342267 0.1276138 0.1236157 0.1018348 0.1013246 -0.0038957 0.0163557 0.0181565 0.0061828 -0.0015207 0.0198459 0.0049724 0.0094179 0.0749835 0.0731004 0.0756427 0.0697473 0.0730990 0.0737214 0.0814591 0.0701960 0.0811109 0.0628049 0.0650099 0.0828436 0.0724467 0.0724598 0.0779459 0.0740988 0.0590275 0.0584273 0.0680653 0.0586637 0.0647326 0.0705613 0.0589206 0.0591610 -0.0043957 0.0463114 0.0333081 0.0134937 0.0309468 0.0374594 0.0411639 0.0179310 0.0169716 0.0247854 0.0636675 0.0365495 0.0651706 0.0555167 0.0559280 0.0524844 0.0411082 0.0533736 0.0356701 0.0592106 0.0346513 0.0628989 0.0335842 0.0090409 0.0160522 0.0415107 0.0385667 0.0334100 0.0217815 0.0033493 0.0216534 -0.0536305 -0.0596140 0.0279225 0.0253419 0.0355320 -0.0127263 0.0141191 -0.1192262 0.0187495 -0.0225224 0.0044804 0.0051808 0.0354466 -0.0705997 0.0212978 -0.0910831 -0.2779897 -0.2830879 -0.2802323 -0.2777748 -0.2784993 -0.2771623 -0.2784564 -0.2813857 -0.2815822 -0.2838572 -0.2851373 -0.2855999 -0.2855261 -0.2873943 -0.2867980 -0.2878101 -0.2897750 -0.2861035
0.1019111 0.1026979 0.1011569 0.0963305 0.0994147 0.1025528 0.1058254 0.1069293 0.1324627 0.1298466 0.1342267 0.8631532 0.1343802 0.1297680 0.1008418 0.1073934 -0.0057489 0.0178105 0.0170012 0.0077230 -0.0036838 0.0224799 0.0058361 0.0091110 0.0755879 0.0724958 0.0770857 0.0694007 0.0719582 0.0730969 0.0809057 0.0717900 0.0819856 0.0642196 0.0690366 0.0858461 0.0730179 0.0717626 0.0787134 0.0750332 0.0605668 0.0574473 0.0701162 0.0582589 0.0673908 0.0692300 0.0617009 0.0583978 -0.0079355 0.0457897 0.0309151 0.0136175 0.0321537 0.0409204 0.0404240 0.0158841 0.0168540 0.0272300 0.0612330 0.0323313 0.0639105 0.0553008 0.0562327 0.0507522 0.0423897 0.0522972 0.0367126 0.0588741 0.0349964 0.0669050 0.0355903 0.0082238 0.0153880 0.0390318 0.0355316 0.0350324 0.0212652 -0.0009293 0.0243131 -0.0537880 -0.0617002 0.0272795 0.0237882 0.0328157 -0.0158235 0.0146810 -0.1198486 0.0161065 -0.0223774 0.0023160 0.0024907 0.0309624 -0.0684645 0.0157945 -0.0936922 -0.2857510 -0.2887258 -0.2859850 -0.2848397 -0.2849621 -0.2841389 -0.2850354 -0.2867084 -0.2896061 -0.2905769 -0.2906631 -0.2914576 -0.2919545 -0.2921289 -0.2923841 -0.2927279 -0.2945507 -0.2929531
0.0957781 0.1040499 0.1021076 0.0940913 0.0983619 0.0986079 0.1024954 0.1003660 0.1341878 0.1427763 0.1276138 0.1343802 0.8611297 0.1358368 0.1032936 0.1046711 -0.0081734 0.0170969 0.0167890 0.0069074 -0.0030787 0.0225450 0.0048390 0.0095935 0.0765169 0.0746417 0.0803033 0.0695101 0.0734420 0.0754025 0.0822866 0.0733499 0.0849343 0.0651981 0.0643009 0.0839782 0.0741154 0.0757503 0.0808285 0.0755795 0.0583787 0.0572779 0.0695649 0.0625946 0.0662177 0.0711593 0.0630416 0.0579302 -0.0056821 0.0492222 0.0281497 0.0175644 0.0341754 0.0365642 0.0421223 0.0171324 0.0157113 0.0243401 0.0638154 0.0334750 0.0690283 0.0564932 0.0574061 0.0505428 0.0453650 0.0543074 0.0346291 0.0588265 0.0347124 0.0662697 0.0340492 0.0109278 0.0132135 0.0432704 0.0374212 0.0357500 0.0221170 0.0025663 0.0249519 -0.0583928 -0.0636057 0.0268139 0.0217436 0.0366119 -0.0145307 0.0140848 -0.1239154 0.0163951 -0.0223444 0.0011442 0.0021855 0.0333421 -0.0731621 0.0190747 -0.0951031 -0.2882195 -0.2928236 -0.2898651 -0.2862811 -0.2864763 -0.2861391 -0.2881990 -0.2904395 -0.2916214 -0.2946141 -0.2953760 -0.2943246 -0.2958210 -0.2970810 -0.2968946 -0.2950729 -0.2986331 -0.2961748
0.0939215 0.0989807 0.0987084 0.0944750 0.0960954 0.0973175 0.1038224 0.1020129 0.1287759 0.1280416 0.1236157 0.1297680 0.1358368 0.8631914 0.1034518 0.0983966 -0.0022528 0.0178405 0.0190064 0.0053732 -0.0018999 0.0232128 0.0040444 0.0117485 0.0779397 0.0699871 0.0747808 0.0695838 0.0734567 0.0724027 0.0787152 0.0713425 0.0788130 0.0637242 0.0653848 0.0834015 0.0729067 0.0718257 0.0772589 0.0772912 0.0573723 0.0585977 0.0696392 0.0589925 0.0646915 0.0705470 0.0607136 0.0607543 -0.0054397 0.0470625 0.0302296 0.0146064 0.0300305 0.0369010 0.0408313 0.0189113 0.0143283 0.0237060 0.0629161 0.0340485 0.0669045 0.0552848 0.0558706 0.0523001 0.0425670 0.0517320 0.0335434 0.0609205 0.0349150 0.0641653 0.0328417 0.0076942 0.0145162 0.0419702 0.0384075 0.0370636 0.0242232 0.0013685 0.0231351 -0.0564985 -0.0618038 0.0254878 0.0227822 0.0345750 -0.0146539 0.0147136 -0.1213562 0.0157515 -0.0223228 0.0028853 0.0033514 0.0341018 -0.0719389 0.0237916 -0.0938177 -0.2830259 -0.2869510 -0.2843257 -0.2833666 -0.2829818 -0.2807859 -0.2835396 -0.2852927 -0.2867171 -0.2889543 -0.2894594 -0.2900378 -0.2887252 -0.2916982 -0.2918915 -0.2900488 -0.2917635 -0.2917388
0.0995714 0.1018907 0.1040090 0.0987054 0.1000321 0.1018180 0.1024378 0.1046669 0.1065961 0.0997057 0.1018348 0.1008418 0.1032936 0.1034518 0.8577081 0.1052569 -0.0015886 0.0163409 0.0171569 0.0044700 -0.0002128 0.0268825 0.0048631 0.0106252 0.0760673 0.0758983 0.0802423 0.0693935 0.0734971 0.0757398 0.0837986 0.0711226 0.0832570 0.0641932 0.0702063 0.0807397 0.0718629 0.0771485 0.0785504 0.0773812 0.0591907 0.0601412 0.0682684 0.0597045 0.0646039 0.0737032 0.0565696 0.0607822 -0.0046466 0.0484407 0.0338401 0.0158459 0.0321136 0.0421759 0.0437630 0.0161788 0.0188804 0.0286556 0.0643828 0.0370031 0.0673038 0.0573828 0.0555268 0.0499723 0.0431942 0.0513432 0.0360903 0.0613566 0.0343033 0.0663368 0.0356051 0.0129546 0.0168379 0.0408255 0.0372086 0.0338851 0.0222308 0.0019023 0.0254113 -0.0521254 -0.0597463 0.0308240 0.0293775 0.0376102 -0.0097727 0.0160703 -0.1216787 0.0186468 -0.0198181 0.0035386 0.0039448 0.0315740 -0.0656511 0.0188076 -0.0899113 -0.2808146 -0.2867891 -0.2854228 -0.2829198 -0.2821212 -0.2800683 -0.2840983 -0.2852022 -0.2855778 -0.2897980 -0.2890983 -0.2894668 -0.2892683 -0.2897463 -0.2912858 -0.2898939 -0.2915703 -0.2910144
0.0995842 0.1034032 0.1034043 0.0998505 0.1026638 0.1037830 0.1066680 0.1049009 0.1086428 0.1036613 0.1013246 0.1073934 0.1046711 0.0983966 0.1052569 0.8575904 -0.0069936 0.0163779 0.0158354 0.0088813 -0.0014628 0.0226500 0.0047454 0.0115641 0.0795042 0.0804320 0.0816405 0.0700568 0.0763689 0.0777130 0.0860353 0.0778047 0.0906301 0.0646791 0.0709981 0.0862343 0.0727378 0.0784794 0.0806033 0.0772963 0.0624606 0.0626392 0.0740989 0.0578836 0.0655577 0.0753506 0.0624172 0.0596703 -0.0022702 0.0483512 0.0342377 0.0157176 0.0330050 0.0432275 0.0427519 0.0163574 0.0175572 0.0281292 0.0644009 0.0374070 0.0705358 0.0585543 0.0581955 0.0530382 0.0456836 0.0562635 0.0374180 0.0610260 0.0342265 0.0673588 0.0390081 0.0111172 0.0179382 0.0451135 0.0372427 0.0399283 0.0246216 0.0018389 0.0260137 -0.0520652 -0.0600740 0.0307698 0.0252014 0.0351509 -0.0086625 0.0167544 -0.1228819 0.0196292 -0.0191617 0.0028232 0.0032604 0.0346821 -0.0488242 0.0174104 -0.0923084 -0.2865134 -0.2910835 -0.2888518 -0.2844510 -0.2863255 -0.2834274 -0.2865313 -0.2890031 -0.2906170 -0.2933163 -0.2937438 -0.2940902 -0.2938995 -0.2952656 -0.2960068 -0.2949213 -0.2961395 -0.2948193
-0.0024589 -0.0060778 -0.0014928 -0.0017689 -0.0054312 -0.0033659 -0.0057240 -0.0041426 -0.0047350 -0.0061830 -0.0038957 -0.0057489 -0.0081734 -0.0022528 -0.0015886 -0.0069936 0.9594409 0.0113381 0.0138417 0.0256731 0.0222093 0.0069352 0.0119606 0.0277195 -0.0108525 -0.0109474 -0.0118117 -0.0052724 -0.0125933 -0.0107902 -0.0141826 -0.0168998 -0.0153671 -0.0027021 -0.0043874 -0.0108636 -0.0066448 -0.0065406 -0.0105305 -0.0103774 -0.0026083 -0.0042029 -0.0140371 -0.0103074 -0.0118048 -0.0051346 -0.0033695 -0.0146805 0.0015338 -0.0119901 -0.0079151 -0.0037311 -0.0186918 -0.0046994 -0.0000612 -0.0112221 -0.0025100 -0.0108910 -0.0162507 -0.0087038 -0.0096773 -0.0159691 -0.0145942 -0.0112012 -0.0103740 -0.0098578 -0.0146950 -0.0142674 -0.0107979 -0.0116637 -0.0115317 -0.0060442 -0.0035640 -0.0071420 -0.0077038 -0.0129301 -0.0078219 -0.0129241 -0.0054995 -0.0025494 -0.0025103 -0.0075271 -0.0014270 -0.0079528 -0.0045439 -0.0111150 -0.0037979 -0.0058800 -0.0041134 -0.0210937 -0.0201123 -0.0191616 -0.0085505 -0.0027026 -0.0031623 0.0070002 0.0057891 0.0068671 0.0073018 0.0066971 0.0063712 0.0078797 0.0076125 0.0061425 0.0060972 0.0061146 0.0045654 0.0055309 0.0045304 0.0040674 0.0065106 -0.0001295 0.0041661
0.0162006 0.0202085 0.0152676 0.0167305 0.0178007 0.0156540 0.0175287 0.0151336 0.0169129 0.0160058 0.0163557 0.0178105 0.0170969 0.0178405 0.0163409 0.0163779 0.0113381 0.9295446 0.0268740 0.0227018 0.0142811 0.0186201 0.0171155 0.0192471 0.0078593 0.0006263 0.0043109 0.0035320 0.0082729 0.0029008 0.0036725 0.0013106 0.0045552 0.0099491 0.0015186 0.0037961 0.0057487 0.0052895 0.0049133 0.0021173 0.0068049 -0.0035451 0.0059922 0.0042582 0.0058734 0.0032688 0.0029265 0.0000291 -0.0089490 -0.0017787 0.0011645 -0.0136225 -0.0074389 0.0045765 -0.0067548 -0.0083263 -0.0043292 -0.0012569 -0.0001320 -0.0012684 0.0012299 -0.0039847 -0.0037810 -0.0000301 -0.0008325 -0.0020185 -0.0046600 -0.0005322 -0.0076311 0.0018054 -0.0046619 -0.0018444 -0.0025879 0.0018047 0.0009304 0.0078915 -0.0043043 -0.0033031 0.0025893 -0.0140826 -0.0169613 0.0013964 0.0024859 -0.0004440 -0.0033411 0.0023900 -0.0244423 -0.0057701 -0.0101604 -0.0107872 -0.0100556 -0.0008655 -0.0145564 -0.0079607 -0.0155096 -0.0484771 -0.0527168 -0.0504596 -0.0479721 -0.0494946 -0.0486466 -0.0509307 -0.0516220 -0.0495535 -0.0508458 -0.0527458 -0.0545850 -0.0553977 -0.0544694 -0.0536412 -0.0535990 -0.0575160 -0.0523900
0.0137648 0.0184354 0.0193012 0.0165072 0.0151674 0.0174207 0.0195469 0.0206289 0.0169184 0.0134295 0.0181565 0.0170012 0.0167890 0.0190064 0.0171569 0.0158354 0.0138417 0.0268740 0.9381506 0.0200175 0.0224817 0.0211737 0.0139145 0.0213844 0.0065988 0.0064892 0.0090469 0.0037399 0.0049060 0.0028067 0.0044869 0.0009689 0.0034640 0.0096689 -0.0028595 0.0091964 0.0037090 0.0038688 0.0046373 0.0078011 0.0041649 -0.0012469 0.0026037 0.0002354 0.0131715 0.0055746 0.0010013 0.0011311 -0.0039888 0.0019703 0.0000054 -0.0132999 -0.0014495 0.0030435 0.0002891 -0.0001624 -0.0080907 -0.0054776 -0.0014931 0.0016120 0.0004133 -0.0025427 -0.0010377 0.0055753 -0.0024120 -0.0017260 -0.0029134 0.0021173 -0.0100630 0.0026339 -0.0095878 -0.0115400 -0.0057195 0.0028272 -0.0008539 0.0002430 -0.0028616 -0.0092001 -0.0033315 -0.0118482 -0.0101739 -0.0053363 0.0054272 -0.0076556 -0.0086993 -0.0025380 -0.0288774 -0.0054539 -0.0220292 -0.0101808 -0.0109098 -0.0024457 -0.0184501 -0.0051167 -0.0243156 -0.0474523 -0.0512420 -0.0503385 -0.0485709 -0.0473292 -0.0475275 -0.0488839 -0.0492687 -0.0513896 -0.0491377 -0.0512382 -0.0538002 -0.0518668 -0.0521394 -0.0542456 -0.0512217 -0.0528672 -0.0543703
0.0062075 0.0088834 0.0034306 0.0043250 0.0052367 0.0052198 0.0089534 0.0067120 0.0098380 0.0094757 0.0061828 0.0077230 0.0069074 0.0053732 0.0044700 0.0088813 0.0256731 0.0227018 0.0200175 0.9607974 0.0143624 0.0258372 0.0307476 0.0187556 -0.0028776 -0.0046183 -0.0040526 -0.0046002 -0.0052275 -0.0067551 -0.0089926 -0.0082141 -0.0057359 0.0028825 -0.0055418 -0.0015159 0.0016174 -0.0049865 -0.0038437 -0.0061365 -0.0076758 -0.0094068 -0.0108195 -0.0068653 -0.0022715 -0.0080191 -0.0110417 -0.0020910 -0.0049062 -0.0028793 -0.0014642 -0.0047856 0.0006139 -0.0036375 -0.0063132 -0.0181100 -0.0072819 -0.0035491 -0.0070732 -0.0009478 -0.0071635 -0.0106979 -0.0100505 -0.0115532 -0.0037564 -0.0095866 -0.0057684 -0.0022674 -0.0155795 -0.0023802 -0.0111836 -0.0129692 -0.0079218 0.0071118 0.0002542 -0.0111727 -0.0100435 -0.0133422 -0.0088475 -0.0104368 -0.0232159 -0.0094770 -0.0172613 -0.0040614 -0.0166544 -0.0072874 -0.0101618 -0.0029325 -0.0067952 -0.0087022 -0.0083043 -0.0057427 -0.0060086 -0.0231752 -0.0089017 -0.0194248 -0.0228565 -0.0199652 -0.0185958 -0.0168746 -0.0195681 -0.0207897 -0.0172282 -0.0181862 -0.0194221 -0.0189552 -0.0210396 -0.0192463 -0.0217204 -0.0199643 -0.0204675 -0.0220014 -0.0240343
0.0019301 -0.0023692 -0.0014556 -0.0028981 -0.0016961 -0.0021254 -0.0013416 -0.0010372 -0.0025274 -0.0022796 -0.0015207 -0.0036838 -0.0030787 -0.0018999 -0.0002128 -0.0014628 0.0222093 0.0142811 0.0224817 0.0143624 0.9696407 0.0189208 0.0163555 0.0242050 -0.0111597 -0.0083112 -0.0043631 -0.0103574 -0.0111555 -0.0154768 -0.0090599 -0.0160927 -0.0157799 -0.0027241 -0.0138697 -0.0108030 -0.0160904 -0.0076624 -0.0111099 -0.0090425 -0.0047976 -0.0108181 -0.0132806 -0.0115168 -0.0084759 -0.0081459 -0.0095790 -0.0178637 -0.0022194 -0.0059311 -0.0115140 -0.0031109 -0.0079816 -0.0127900 -0.0151043 -0.0131740 -0.0104481 -0.0159391 -0.0176456 -0.0101387 -0.0136052 -0.0106597 -0.0117132 -0.0073388 -0.0112171 -0.0145783 -0.0122630 -0.0193829 -0.0150172 -0.0076108 -0.0100600 -0.0082082 -0.0076593 -0.0060571 -0.0058964 -0.0182498 -0.0097395 -0.0012885 -0.0130865 -0.0065587 -0.0074363 -0.0103369 -0.0098458 -0.0049886 -0.0109248 -0.0150745 0.0004461 -0.0065605 -0.0036769 -0.0147040 -0.0150174 -0.0052792 -0.0034967 -0.0029109 -0.0068486 0.0052441 0.0055487 0.0074476 0.0072863 0.0076508 0.0065610 0.0061546 0.0067382 0.0056171 0.0057067 0.0042027 0.0038049 0.0053075 0.0025776 0.0041618 0.0042975 0.0002841 0.0038641
0.0247177 0.0238234 0.0229627 0.0217076 0.0229622 0.0220369 0.0228996 0.0248566 0.0216634 0.0203573 0.0198459 0.0224799 0.0225450 0.0232128 0.0268825 0.0226500 0.0069352 0.0186201 0.0211737 0.0258372 0.0189208 0.9415615 0.0213478 0.0275295 0.0047193 0.0104388 0.0092492 0.0116973 0.0047039 0.0034387 0.0067971 0.0042651 0.0059970 0.0125624 0.0049012 0.0095293 0.0062647 0.0103042 0.0036315 0.0100279 0.0037908 -0.0009814 0.0046471 0.0039533 0.0085235 0.0037996 0.0015431 0.0043960 -0.0026824 -0.0001445 0.0052554 -0.0016980 0.0086995 0.0004503 -0.0025628 -0.0084868 -0.0089246 0.0025661 0.0066947 0.0056169 -0.0010114 0.0023247 0.0028887 0.0007576 -0.0051425 -0.0022161 -0.0050368 0.0044219 -0.0065863 0.0056541 -0.0096509 -0.0069072 -0.0047448 0.0064406 0.0023231 -0.0001985 -0.0005951 0.0010177 0.0109977 -0.0164054 -0.0237622 -0.0054304 -0.0077692 0.0051424 -0.0136328 -0.0007733 -0.0294074 -0.0028822 -0.0147848 -0.0050457 -0.0041165 -0.0011256 -0.0176137 -0.0079065 -0.0235805 -0.0630882 -0.0646470 -0.0642458 -0.0613582 -0.0617644 -0.0628087 -0.0606805 -0.0625007 -0.0641873 -0.0636569 -0.0633831 -0.0636607 -0.0627687 -0.0650658 -0.0632339 -0.0670237 -0.0666544 -0.0663698
0.0033429 0.0051603 0.0037723 0.0047167 0.0050496 0.0037968 0.0049154 0.0049151 0.0065027 0.0049959 0.0049724 0.0058361 0.0048390 0.0040444 0.0048631 0.0047454 0.0119606 0.0171155 0.0139145 0.0307476 0.0163555 0.0213478 0.9460896 0.0218846 -0.0041293 -0.0079365 -0.0070047 -0.0067848 -0.0067286 -0.0071642 -0.0029793 -0.0076715 -0.0063182 0.0014771 -0.0072913 -0.0073115 -0.0071619 -0.0054452 -0.0086390 -0.0060732 -0.0012787 -0.0070824 -0.0072508 -0.0049162 -0.0075524 -0.0036330 -0.0089296 -0.0063867 -0.0097174 -0.0040196 -0.0006759 -0.0041791 -0.0063860 -0.0056649 -0.0097680 -0.0098189 -0.0142190 0.0005692 -0.0052031 -0.0031205 -0.0109246 -0.0093985 -0.0077464 -0.0125569 -0.0105471 -0.0057211 -0.0113040 -0.0072007 -0.0129312 -0.0045673 -0.0161637 -0.0089752 -0.0114436 0.0021853 -0.0063308 -0.0124769 -0.0075790 -0.0116849 -0.0040738 -0.0049513 -0.0160192 -0.0060205 -0.0091766 -0.0004702 -0.0075434 -0.0063183 -0.0147101 0.0029531 -0.0044446 -0.0134570 -0.0127163 -0.0089808 -0.0100784 -0.0111513 -0.0069446 -0.0116968 -0.0121234 -0.0134924 -0.0081790 -0.0117781 -0.0088999 -0.0102705 -0.0104472 -0.0115419 -0.0110433 -0.0131765 -0.0140268 -0.0116440 -0.0125763 -0.0124401 -0.0139316 -0.0159784 -0.0110830
0.0147732 0.0099100 0.0101693 0.0130070 0.0112717 0.0105422 0.0072975 0.0074220 0.0108635 0.0123759 0.0094179 0.0091110 0.0095935 0.0117485 0.0106252 0.0115641 0.0277195 0.0192471 0.0213844 0.0187556 0.0242050 0.0275295 0.0218846 0.9425921 0.0038255 0.0077941 0.0004004 0.0052610 0.0007485 -0.0008525 -0.0001908 0.0015143 -0.0015670 0.0072243 -0.0047347 0.0035637 0.0029293 0.0058635 0.0035339 0.0002282 0.0048613 -0.0027383 -0.0025200 -0.0001221 0.0042644 0.0037005 0.0027049 -0.0056363 -0.0079001 -0.0017067 0.0027540 0.0003599 -0.0047167 -0.0018387 0.0025738 -0.0090472 -0.0053700 -0.0045381 -0.0028416 -0.0073574 0.0006470 -0.0024809 -0.0017831 -0.0064675 -0.0063565 -0.0071248 -0.0067511 -0.0054884 -0.0040157 0.0054657 -0.0050215 -0.0012786 -0.0019994 -0.0014391 -0.0013752 -0.0019228 0.0000998 -0.0016418 -0.0080536 -0.0131871 -0.0223076 -0.0074239 -0.0027022 -0.0025991 -0.0039530 -0.0078524 -0.0181209 -0.0084075 -0.0157007 -0.0042616 -0.0046388 -0.0069143 -0.0143533 -0.0070979 -0.0153198 -0.0396973 -0.0398702 -0.0411051 -0.0372595 -0.0367476 -0.0373376 -0.0366650 -0.0371611 -0.0380155 -0.0398702 -0.0398931 -0.0386796 -0.0427749 -0.0413987 -0.0404958 -0.0411037 -0.0429081 -0.0412740
0.0763272 0.0776776 0.0768308 0.0772826 0.0794757 0.0803378 0.0795787 0.0802661 0.0803642 0.0765179 0.0749835 0.0755879 0.0765169 0.0779397 0.0760673 0.0795042 -0.0108525 0.0078593 0.0065988 -0.0028776 -0.0111597 0.0047193 -0.0041293 0.0038255 0.8477594 0.0749545 0.0783417 0.0874639 0.0993743 0.1102076 0.1121030 0.0918677 0.0824332 0.0588403 0.0655142 0.0818347 0.0705755 0.0698872 0.0717720 0.0772817 0.0535423 0.0553740 0.0688090 0.0555103 0.0630794 0.0679407 0.0552462 0.0551899 -0.0041656 0.0401995 0.0264379 0.0175729 0.0280019 0.0379050 0.0345820 0.0222655 0.0204174 0.0227264 0.0612184 0.0339628 0.0603571 0.0504896 0.0506202 0.0545988 0.0438054 0.0533913 0.0367608 0.0566662 0.0427067 0.0652655 0.0388426 0.0137485 0.0140077 0.0377526 0.0359143 0.0397481 0.0234983 0.0070798 0.0206474 -0.0420544 -0.0560463 0.0293753 0.0308672 0.0394007 -0.0107082 0.0167550 -0.1115859 0.0232516 -0.0132978 0.0062295 0.0049543 0.0348576 -0.0658313 0.0223376 -0.0860543 -0.2617725 -0.2671967 -0.2624066 -0.2621301 -0.2611182 -0.2609330 -0.2602696 -0.2649386 -0.2646219 -0.2692549 -0.2682518 -0.2681510 -0.2707403 -0.2708595 -0.2711338 -0.2677868 -0.2716294 -0.2697358
0.0748610 0.0764664 0.0765042 0.0738534 0.0760914 0.0784352 0.0783829 0.0800479 0.0755419 0.0742751 0.0731004 0.0724958 0.0746417 0.0699871 0.0758983 0.0804320 -0.0109474 0.0006263 0.0064892 -0.0046183 -0.0083112 0.0104388 -0.0079365 0.0077941 0.0749545 0.8544971 0.1079498 0.0646318 0.0793921 0.0722806 0.0824930 0.0738419 0.0826071 0.0582157 0.0619775 0.0818737 0.0672375 0.0685461 0.0721617 0.0764079 0.0527292 0.0583954 0.0637070 0.0510300 0.0562725 0.0687392 0.0569067 0.0543639 -0.0001943 0.0476185 0.0310476 0.0163008 0.0381477 0.0436491 0.0467340 0.0165193 0.0214129 0.0260471 0.0620191 0.0367051 0.0722377 0.0573357 0.0568245 0.0528315 0.0436273 0.0504800 0.0321327 0.0547947 0.0358250 0.0631418 0.0352613 0.0131196 0.0203234 0.0413411 0.0413298 0.0332924 0.0263588 0.0037300 0.0269629 -0.0379186 -0.0504443 0.0344560 0.0264572 0.0409287 -0.0032501 0.0251349 -0.1178039 0.0225508 -0.0144972 0.0068450 0.0070810 0.0366145 -0.0594187 0.0191718 -0.0798236 -0.2546417 -0.2613603 -0.2588315 -0.2550770 -0.2569733 -0.2549082 -0.2586986 -0.2595920 -0.2596516 -0.2635655 -0.2626163 -0.2635897 -0.2635130 -0.2624053 -0.2668438 -0.2639371 -0.2643515 -0.2644054
0.0750633 0.0783814 0.0805220 0.0773007 0.0799704 0.0798828 0.0806995 0.0803107 0.0788793 0.0753457 0.0756427 0.0770857 0.0803033 0.0747808 0.0802423 0.0816405 -0.0118117 0.0043109 0.0090469 -0.0040526 -0.0043631 0.0092492 -0.0070047 0.0004004 0.0783417 0.1079498 0.8509198 0.0713121 0.0761137 0.0821699 0.0817666 0.0801378 0.0794460 0.0586776 0.0634590 0.0768008 0.0724560 0.0679233 0.0726428 0.0765258 0.0546083 0.0581197 0.0676638 0.0563499 0.0589484 0.0657882 0.0589089 0.0559457 -0.0030701 0.0447679 0.0248584 0.0197033 0.0324354 0.0362375 0.0400684 0.0153273 0.0200347 0.0291252 0.0614363 0.0418744 0.0681784 0.0567481 0.0561322 0.0592399 0.0494184 0.0478855 0.0362949 0.0558700 0.0387745 0.0669406 0.0432557 0.0137732 0.0131928 0.0409566 0.0417782 0.0380192 0.0232506 0.0037630 0.0255351 -0.0482695 -0.0543467 0.0350887 0.0286465 0.0372065 -0.0007691 0.0211779 -0.1109236 0.0203575 -0.0135145 0.0049217 0.0042805 0.0346003 -0.0606069 0.0250830 -0.0786498 -0.2610340 -0.2664941 -0.2629939 -0.2592108 -0.2616088 -0.2588136 -0.2615247 -0.2622490 -0.2642669 -0.2668912 -0.2663968 -0.2685866 -0.2680438 -0.2683329 -0.2696566 -0.2671067 -0.2697673 -0.2680920
0.0637753 0.0668909 0.0713433 0.0695155 0.0687289 0.0690735 0.0711950 0.0707064 0.0711376 0.0696804 0.0697473 0.0694007 0.0695101 0.0695838 0.0693935 0.0700568 -0.0052724 0.0035320 0.0037399 -0.0046002 -0.0103574 0.0116973 -0.0067848 0.0052610 0.0874639 0.0646318 0.0713121 0.8600088 0.0993194 0.0823214 0.0822118 0.0905658 0.0649502 0.0533471 0.0550336 0.0731684 0.0673749 0.0634434 0.0661035 0.0592666 0.0566308 0.0554798 0.0634739 0.0498653 0.0533544 0.0678161 0.0634399 0.0545848 -0.0060793 0.0373607 0.0318321 0.0180315 0.0342553 0.0433503 0.0367781 0.0113544 0.0207105 0.0208873 0.0575050 0.0289051 0.0612170 0.0523630 0.0529390 0.0501719 0.0399250 0.0452712 0.0260026 0.0550797 0.0363166 0.0614385 0.0317957 0.0157681 0.0230846 0.0321281 0.0336192 0.0317943 0.0202103 0.0015930 0.0180700 -0.0419067 -0.0490802 0.0276107 0.0257176 0.0332441 -0.0078006 0.0172963 -0.1029298 0.0188048 -0.0212928 0.0033962 0.0035268 0.0247706 -0.0639946 0.0174105 -0.0778222 -0.2385783 -0.2434142 -0.2423698 -0.2371199 -0.2370296 -0.2363156 -0.2388175 -0.2410258 -0.2431186 -0.2475484 -0.2443065 -0.2454948 -0.2464823 -0.2446445 -0.2479467 -0.2448747 -0.2482048 -0.2477755
0.0697111 0.0727761 0.0725509 0.0718358 0.0726688 0.0747479 0.0741535 0.0743188 0.0738968 0.0715375 0.0730990 0.0719582 0.0734420 0.0734567 0.0734971 0.0763689 -0.0125933 0.0082729 0.0049060 -0.0052275 -0.0111555 0.0047039 -0.0067286 0.0007485 0.0993743 0.0793921 0.0761137 0.0993194 0.8545842 0.0920886 0.0887968 0.0987232 0.0713607 0.0562105 0.0579266 0.0736775 0.0649306 0.0679477 0.0709580 0.0673492 0.0537676 0.0481941 0.0628198 0.0516819 0.0535176 0.0631156 0.0528649 0.0537898 0.0068445 0.0395648 0.0305771 0.0087676 0.0348318 0.0426004 0.0385162 0.0159249 0.0196998 0.0277453 0.0594911 0.0322776 0.0676384 0.0559322 0.0555700 0.0554353 0.0416195 0.0505106 0.0327061 0.0532239 0.0353786 0.0630769 0.0351941 0.0156175 0.0168230 0.0386289 0.0361918 0.0327556 0.0222707 0.0029911 0.0249456 -0.0403039 -0.0487665 0.0320314 0.0230494 0.0369514 -0.0082718 0.0133003 -0.1091334 0.0155174 -0.0155014 0.0075450 0.0077759 0.0293803 -0.0634352 0.0183027 -0.0793675 -0.2466912 -0.2537519 -0.2507973 -0.2484404 -0.2488325 -0.2474039 -0.2495284 -0.2525461 -0.2526463 -0.2553805 -0.2565945 -0.2551601 -0.2567959 -0.2565077 -0.2577598 -0.2565872 -0.2578906 -0.2574506
0.0718779 0.0750670 0.0777991 0.0740231 0.0760904 0.0783554 0.0797562 0.0772633 0.0778382 0.0734924 0.0737214 0.0730969 0.0754025 0.0724027 0.0757398 0.0777130 -0.0107902 0.0029008 0.0028067 -0.0067551 -0.0154768 0.0034387 -0.0071642 -0.0008525 0.1102076 0.0722806 0.0821699 0.0823214 0.0920886 0.8532414 0.1098863 0.0886740 0.0719030 0.0584233 0.0638810 0.0775049 0.0715671 0.0780998 0.0705505 0.0749507 0.0532073 0.0572193 0.0718986 0.0559957 0.0621670 0.0669802 0.0591650 0.0650472 -0.0004045 0.0398426 0.0264085 0.0183726 0.0340385 0.0401600 0.0466277 0.0168408 0.0174712 0.0251037 0.0597550 0.0324068 0.0700375 0.0589117 0.0597901 0.0591506 0.0425301 0.0524722 0.0353891 0.0657297 0.0431109 0.0699278 0.0398798 0.0133410 0.0208064 0.0352645 0.0328462 0.0449673 0.0206294 0.0056898 0.0246383 -0.0443843 -0.0513704 0.0358235 0.0296124 0.0369266 -0.0054265 0.0217361 -0.1143807 0.0215360 -0.0173217 0.0079257 0.0077289 0.0330568 -0.0629698 0.0213569 -0.0844670 -0.2590176 -0.2663094 -0.2621136 -0.2601157 -0.2604900 -0.2586377 -0.2603230 -0.2626884 -0.2629793 -0.2671879 -0.2669018 -0.2670259 -0.2664973 -0.2686932 -0.2678359 -0.2677064 -0.2697749 -0.2687044
0.0805314 0.0825381 0.0862643 0.0809872 0.0857539 0.0818852 0.0852409 0.0852497 0.0833878 0.0799115 0.0814591 0.0809057 0.0822866 0.0787152 0.0837986 0.0860353 -0.0141826 0.0036725 0.0044869 -0.0089926 -0.0090599 0.0067971 -0.0029793 -0.0001908 0.1121030 0.0824930 0.0817666 0.0822118 0.0887968 0.1098863 0.8521498 0.0910160 0.0831847 0.0631061 0.0675018 0.0870666 0.0776051 0.0802587 0.0810423 0.0814663 0.0616350 0.0600256 0.0754184 0.0587198 0.0651803 0.0783141 0.0617016 0.0659933 -0.0075012 0.0507816 0.0319688 0.0260677 0.0389820 0.0435519 0.0488975 0.0218365 0.0176702 0.0257128 0.0735791 0.0362463 0.0694704 0.0584269 0.0586527 0.0548701 0.0477081 0.0545652 0.0386780 0.0667807 0.0432670 0.0775015 0.0404444 0.0121039 0.0201067 0.0442897 0.0424777 0.0391717 0.0248614 0.0044112 0.0254759 -0.0454185 -0.0574523 0.0343265 0.0300699 0.0424694 -0.0089895 0.0209858 -0.1180471 0.0244598 -0.0159047 0.0106215 0.0104091 0.0371282 -0.0713486 0.0322075 -0.0908299 -0.2784915 -0.2845640 -0.2791323 -0.2784298 -0.2783536 -0.2762081 -0.2794102 -0.2809675 -0.2828064 -0.2851163 -0.2854594 -0.2852268 -0.2855026 -0.2866362 -0.2861182 -0.2868215 -0.2875061 -0.2859721
0.0691003 0.0740078 0.0731162 0.0715314 0.0735207 0.0721843 0.0753227 0.0753477 0.0756667 0.0716249 0.0701960 0.0717900 0.0733499 0.0713425 0.0711226 0.0778047 -0.0168998 0.0013106 0.0009689 -0.0082141 -0.0160927 0.0042651 -0.0076715 0.0015143 0.0918677 0.0738419 0.0801378 0.0905658 0.0987232 0.0886740 0.0910160 0.8518623 0.0769443 0.0557124 0.0561090 0.0795020 0.0685943 0.0668324 0.0724932 0.0662635 0.0503822 0.0540115 0.0631070 0.0510878 0.0555629 0.0670795 0.0571468 0.0544009 -0.0042126 0.0429214 0.0255010 0.0208778 0.0289797 0.0443034 0.0421965 0.0203688 0.0188052 0.0281114 0.0560750 0.0371616 0.0646472 0.0591511 0.0593360 0.0508030 0.0403697 0.0479222 0.0382260 0.0547738 0.0386597 0.0656424 0.0440872 0.0154433 0.0190762 0.0331041 0.0325566 0.0407597 0.0249606 0.0047985 0.0206302 -0.0397136 -0.0493160 0.0313011 0.0233907 0.0351707 -0.0058227 0.0175458 -0.1055784 0.0159054 -0.0124737 -0.0017881 -0.0012353 0.0291206 -0.0577580 0.0288670 -0.0787777 -0.2491795 -0.2538880 -0.2499636 -0.2485505 -0.2476136 -0.2474452 -0.2493076 -0.2513571 -0.2520361 -0.2545878 -0.2548742 -0.2564880 -0.2569394 -0.2576675 -0.2579006 -0.2569785 -0.2582545 -0.2563414
0.0805926 0.0801340 0.0840633 0.0814431 0.0834912 0.0852550 0.0858308 0.0871560 0.0845002 0.0826827 0.0811109 0.0819856 0.0849343 0.0788130 0.0832570 0.0906301 -0.0153671 0.0045552 0.0034640 -0.0057359 -0.0157799 0.0059970 -0.0063182 -0.0015670 0.0824332 0.0826071 0.0794460 0.0649502 0.0713607 0.0719030 0.0831847 0.0769443 0.8511250 0.0635068 0.0746384 0.0944757 0.0752916 0.0848843 0.0894456 0.0878779 0.0599612 0.0660278 0.0775150 0.0619245 0.0666804 0.0695195 0.0598922 0.0700183 0.0001238 0.0572745 0.0355441 0.0200322 0.0404018 0.0454019 0.0473977 0.0225335 0.0236376 0.0291724 0.0742901 0.0381727 0.0735311 0.0634503 0.0623670 0.0624043 0.0520804 0.0585853 0.0435256 0.0687133 0.0442598 0.0723003 0.0437800 0.0177726 0.0185886 0.0494408 0.0433454 0.0413540 0.0300593 0.0086338 0.0276924 -0.0421760 -0.0523104 0.0357466 0.0306008 0.0423131 -0.0038789 0.0293724 -0.1218523 0.0296968 -0.0112959 0.0096372 0.0092085 0.0376744 -0.0690884 0.0211975 -0.0789121 -0.2825062 -0.2848554 -0.2835405 -0.2821167 -0.2815441 -0.2795962 -0.2815375 -0.2848571 -0.2854726 -0.2898733 -0.2888996 -0.2897132 -0.2896231 -0.2905646 -0.2908047 -0.2885624 -0.2897977 -0.2901376
0.0625262 0.0648101 0.0658119 0.0630009 0.0653302 0.0650002 0.0673487 0.0669784 0.0656476 0.0636188 0.0628049 0.0642196 0.0651981 0.0637242 0.0641932 0.0646791 -0.0027021 0.0099491 0.0096689 0.0028825 -0.0027241 0.0125624 0.0014771 0.0072243 0.0588403 0.0582157 0.0586776 0.0533471 0.0562105 0.0584233 0.0631061 0.0557124 0.0635068 0.9223502 0.0515615 0.0630618 0.0559264 0.0563136 0.0594776 0.0584948 0.0457576 0.0463491 0.0543561 0.0438981 0.0485130 0.0535599 0.0470086 0.0495794 0.0022591 0.0389797 0.0278259 0.0158705 0.0301706 0.0327038 0.0357235 0.0163907 0.0181944 0.0219684 0.0518449 0.0303998 0.0548276 0.0475416 0.0474606 0.0437031 0.0374054 0.0424747 0.0310377 0.0503214 0.0324529 0.0522294 0.0326658 0.0137656 0.0166657 0.0355500 0.0336701 0.0308650 0.0229090 0.0078729 0.0233142 -0.0315512 -0.0370625 0.0273145 0.0239603 0.0327630 -0.0006572 0.0190428 -0.0836226 0.0206391 -0.0082571 0.0120315 0.0116301 0.0294547 -0.0459933 0.0201526 -0.0598626 -0.2003864 -0.2042453 -0.2018956 -0.2005058 -0.2002535 -0.1981806 -0.2003412 -0.2022775 -0.2035705 -0.2068250 -0.2058523 -0.2071951 -0.2066915 -0.2077710 -0.2084257 -0.2072415 -0.2090967 -0.2076474
