0.8842025 0.1452155 0.1030283 0.1307188 0.1085168 0.1023427 0.1038085 0.1121759 0.1055160 0.1026286 0.1046339 0.1124322 0.1004337 0.0991107 0.0925198 0.0948374 -0.0141998 0.0076864 0.0093799 0.0026333 0.0004904 0.0252323 0.0034939 0.0068905 0.0189497 0.0131901 0.0180713 0.0039502 0.0071245 0.0022227 0.0158214 0.0044707 0.0131057 0.0140285 0.0011639 0.0181130 0.0093283 0.0087028 0.0165381 0.0108157 0.0033978 -0.0027623 -0.0040022 -0.0016862 0.0143294 0.0100425 -0.0003111 -0.0197244 -0.0645274 -0.0179387 -0.0337247 -0.0373474 -0.0363395 -0.0165355 -0.0331079 -0.0371496 -0.0520130 -0.0411886 -0.0139284 -0.0298486 -0.0113439 -0.0263757 -0.0276190 -0.0143412 -0.0382465 -0.0137679 -0.0446840 -0.0195216 -0.0478939 0.0011271 -0.0408620 -0.0571357 -0.0531693 -0.0179882 -0.0364306 -0.0297556 -0.0351767 -0.0622148 -0.0388454 -0.1168100 -0.1230381 -0.0514481 -0.0469351 -0.0332400 -0.0810155 -0.0599917 -0.1516636 -0.0541005 -0.0841608 -0.0848058 -0.0854724 -0.0414036 -0.1054070 -0.0529625 -0.1415017
0.1452155 0.8851626 0.1047388 0.1406942 0.1102670 0.1095696 0.1101408 0.1143356 0.1084297 0.1064164 0.1107278 0.1135955 0.1082883 0.1035865 0.0943126 0.1000484 -0.0214592 0.0089761 0.0120877 0.0046069 -0.0074176 0.0212909 0.0040949 -0.0016921 0.0197827 0.0139878 0.0203945 0.0064437 0.0092454 0.0051785 0.0166949 0.0086506 0.0123902 0.0155235 0.0011664 0.0192778 0.0088679 0.0125698 0.0197663 0.0152826 0.0060757 -0.0023664 -0.0038053 0.0014675 0.0125041 0.0117652 -0.0063025 -0.0236553 -0.0683338 -0.0139583 -0.0356988 -0.0396569 -0.0383281 -0.0187747 -0.0330865 -0.0390495 -0.0564412 -0.0413554 -0.0135778 -0.0301240 -0.0143605 -0.0250137 -0.0260187 -0.0151984 -0.0345366 -0.0144468 -0.0417377 -0.0222832 -0.0505345 0.0017520 -0.0430437 -0.0601545 -0.0547115 -0.0214419 -0.0372958 -0.0251007 -0.0398412 -0.0667373 -0.0383672 -0.1253982 -0.1293604 -0.0533345 -0.0498051 -0.0380221 -0.0883987 -0.0602605 -0.1580631 -0.0522868 -0.0901181 -0.0889513 -0.0907447 -0.0417533 -0.1126197 -0.0523017 -0.1455636
0.1030283 0.1047388 0.8836961 0.1016742 0.1574329 0.1489301 0.1685685 0.1583010 0.1118150 0.1110559 0.1143790 0.1157161 0.1119855 0.1079619 0.1005599 0.1031509 -0.0150105 0.0041090 0.0139249 -0.0010836 -0.0041718 0.0222083 0.0026508 -0.0009351 0.0178035 0.0128984 0.0230186 0.0108948 0.0089270 0.0079768 0.0200546 0.0067293 0.0165485 0.0166035 0.0040935 0.0242610 0.0144322 0.0087305 0.0188584 0.0175209 0.0101722 0.0015798 -0.0050711 -0.0019169 0.0170498 0.0170731 -0.0027880 -0.0235020 -0.0748832 -0.0206327 -0.0326219 -0.0427998 -0.0378701 -0.0202813 -0.0357584 -0.0406534 -0.0549585 -0.0448410 -0.0184248 -0.0329294 -0.0137954 -0.0287762 -0.0283344 -0.0221462 -0.0421885 -0.0213915 -0.0467531 -0.0230277 -0.0530848 -0.0022519 -0.0455818 -0.0605105 -0.0575084 -0.0199219 -0.0351526 -0.0306719 -0.0414125 -0.0708017 -0.0407405 -0.1328015 -0.1419257 -0.0548678 -0.0493223 -0.0390964 -0.0917907 -0.0610204 -0.1633773 -0.0647809 -0.0947996 -0.0906126 -0.0924712 -0.0461267 -0.1206408 -0.0567624 -0.1555052
0.1307188 0.1406942 0.1016742 0.8947959 0.1031809 0.1029421 0.1003981 0.1091296 0.1037802 0.0973695 0.1046558 0.1055298 0.0974722 0.0980518 0.0901646 0.0945734 -0.0188093 0.0026751 0.0093746 -0.0025144 -0.0095628 0.0175428 0.0010758 0.0009442 0.0215269 0.0130409 0.0220773 0.0118128 0.0113938 0.0069953 0.0182003 0.0085965 0.0164346 0.0156943 0.0037855 0.0194877 0.0112969 0.0148996 0.0194280 0.0150729 0.0072936 0.0016266 0.0033565 0.0021623 0.0173192 0.0139043 -0.0024001 -0.0180200 -0.0653646 -0.0141588 -0.0294424 -0.0389355 -0.0350357 -0.0170981 -0.0284822 -0.0386932 -0.0504528 -0.0369841 -0.0107269 -0.0252838 -0.0122227 -0.0244491 -0.0238399 -0.0131803 -0.0316012 -0.0151598 -0.0449369 -0.0162800 -0.0475671 0.0051869 -0.0407614 -0.0546423 -0.0544158 -0.0175352 -0.0337303 -0.0268047 -0.0367218 -0.0625010 -0.0364982 -0.1230267 -0.1274619 -0.0507790 -0.0424522 -0.0315938 -0.0851295 -0.0601743 -0.1572316 -0.0534132 -0.0879292 -0.0837924 -0.0836059 -0.0392484 -0.1114715 -0.0510571 -0.1429161
0.1085168 0.1102670 0.1574329 0.1031809 0.9007017 0.1687839 0.1717130 0.1691754 0.1164816 0.1134326 0.1174826 0.1209251 0.1141719 0.1120545 0.0999980 0.1070867 -0.0171794 0.0121646 0.0144675 0.0056261 -0.0004418 0.0278113 0.0086998 0.0045214 0.0221245 0.0124539 0.0233374 0.0068799 0.0080790 0.0046719 0.0191472 0.0065290 0.0140516 0.0161099 -0.0016167 0.0226805 0.0092345 0.0098545 0.0213797 0.0133801 0.0133537 -0.0000272 -0.0071944 -0.0001885 0.0168069 0.0126045 -0.0026778 -0.0283455 -0.0717490 -0.0190576 -0.0375551 -0.0395564 -0.0419922 -0.0194641 -0.0371029 -0.0428603 -0.0577423 -0.0459488 -0.0188541 -0.0394620 -0.0152439 -0.0269074 -0.0296202 -0.0216181 -0.0375201 -0.0174023 -0.0485196 -0.0282016 -0.0541351 0.0027102 -0.0472626 -0.0645777 -0.0617929 -0.0195705 -0.0364020 -0.0311443 -0.0433773 -0.0728237 -0.0417024 -0.1345533 -0.1443342 -0.0565214 -0.0535932 -0.0405952 -0.0912831 -0.0623650 -0.1637380 -0.0627527 -0.0942637 -0.0929561 -0.0943716 -0.0453419 -0.1194852 -0.0625107 -0.1533216
0.1023427 0.1095696 0.1489301 0.1029421 0.1687839 0.8897556 0.1637239 0.1614495 0.1140925 0.1112508 0.1152034 0.1205250 0.1102761 0.1098312 0.0993075 0.1061622 -0.0158503 0.0066212 0.0138236 0.0029595 -0.0033195 0.0238221 0.0055910 0.0024198 0.0231957 0.0163293 0.0228409 0.0079152 0.0109234 0.0077566 0.0149983 0.0059254 0.0179142 0.0158195 -0.0026539 0.0199022 0.0055382 0.0060986 0.0137066 0.0139263 0.0110809 -0.0003636 -0.0032837 -0.0017260 0.0166641 0.0123645 -0.0022408 -0.0288970 -0.0720611 -0.0214541 -0.0405415 -0.0392319 -0.0411678 -0.0188140 -0.0385228 -0.0391480 -0.0623878 -0.0460072 -0.0202421 -0.0369089 -0.0145468 -0.0297327 -0.0307179 -0.0179292 -0.0389659 -0.0163236 -0.0483971 -0.0277221 -0.0503366 0.0016961 -0.0491944 -0.0643077 -0.0600677 -0.0199953 -0.0362625 -0.0301333 -0.0405703 -0.0740600 -0.0398638 -0.1306049 -0.1421255 -0.0548297 -0.0490834 -0.0380076 -0.0919495 -0.0579140 -0.1616662 -0.0632594 -0.0921301 -0.0949199 -0.0960375 -0.0446966 -0.1165077 -0.0625007 -0.1501702
0.1038085 0.1101408 0.1685685 0.1003981 0.1717130 0.1637239 0.8808377 0.1760957 0.1149232 0.1135542 0.1168785 0.1218436 0.1117460 0.1136205 0.0973589 0.1074445 -0.0232018 0.0049955 0.0131386 0.0037726 -0.0069499 0.0208906 0.0030096 -0.0051681 0.0209246 0.0144555 0.0222907 0.0093428 0.0089161 0.0088684 0.0186985 0.0077971 0.0170474 0.0171570 0.0019578 0.0227338 0.0068923 0.0103232 0.0197474 0.0192449 0.0113215 -0.0018277 -0.0047399 -0.0019561 0.0137218 0.0115249 -0.0036516 -0.0271832 -0.0737473 -0.0197428 -0.0377449 -0.0428724 -0.0419834 -0.0199113 -0.0395320 -0.0419130 -0.0565562 -0.0472204 -0.0206864 -0.0424802 -0.0168042 -0.0277027 -0.0293337 -0.0188007 -0.0366451 -0.0154325 -0.0467513 -0.0263725 -0.0540995 0.0037049 -0.0480250 -0.0651889 -0.0616784 -0.0209156 -0.0363195 -0.0291479 -0.0439884 -0.0717027 -0.0424607 -0.1356302 -0.1445009 -0.0557567 -0.0498256 -0.0418378 -0.0931164 -0.0622551 -0.1711943 -0.0657480 -0.0964731 -0.0927536 -0.0943506 -0.0473416 -0.1239822 -0.0648033 -0.1603426
0.1121759 0.1143356 0.1583010 0.1091296 0.1691754 0.1614495 0.1760957 0.8990307 0.1210014 0.1156586 0.1216865 0.1289642 0.1149893 0.1176290 0.1046042 0.1085145 -0.0159897 0.0073284 0.0192196 0.0052489 -0.0014556 0.0285720 0.0087776 -0.0010416 0.0203062 0.0160492 0.0207880 0.0075203 0.0071950 0.0037635 0.0165482 0.0067024 0.0168414 0.0162349 -0.0003907 0.0227765 0.0082663 0.0101665 0.0193786 0.0159443 0.0121789 -0.0026344 -0.0052536 -0.0002704 0.0128461 0.0145257 -0.0051845 -0.0276965 -0.0745526 -0.0195755 -0.0410023 -0.0373908 -0.0436629 -0.0192152 -0.0372390 -0.0431917 -0.0601305 -0.0506470 -0.0242287 -0.0385902 -0.0164998 -0.0312561 -0.0327919 -0.0236882 -0.0412146 -0.0174454 -0.0514300 -0.0276794 -0.0538956 0.0009832 -0.0489195 -0.0639872 -0.0621939 -0.0180820 -0.0394216 -0.0302156 -0.0427690 -0.0746824 -0.0422613 -0.1352812 -0.1439659 -0.0592380 -0.0505399 -0.0407045 -0.0906992 -0.0635794 -0.1674795 -0.0609938 -0.0973236 -0.0950465 -0.0972788 -0.0469147 -0.1223721 -0.0614296 -0.1544621
0.1055160 0.1084297 0.1118150 0.1037802 0.1164816 0.1140925 0.1149232 0.1210014 0.9057319 0.1567267 0.1690055 0.1635074 0.1590608 0.1531392 0.1074416 0.1149642 -0.0142129 0.0125971 0.0182759 0.0140098 0.0008001 0.0281917 0.0135046 0.0067666 0.0206177 0.0088071 0.0204015 0.0083995 0.0079448 0.0038761 0.0139073 0.0061259 0.0140917 0.0145453 -0.0037438 0.0190651 0.0073865 0.0072279 0.0142247 0.0118831 0.0092059 -0.0091168 -0.0097202 0.0045412 0.0186541 0.0120249 -0.0004894 -0.0286032 -0.0719336 -0.0210295 -0.0350755 -0.0471957 -0.0436698 -0.0203047 -0.0327104 -0.0405084 -0.0608705 -0.0431070 -0.0239874 -0.0358867 -0.0207948 -0.0327192 -0.0324703 -0.0220880 -0.0415903 -0.0166021 -0.0491739 -0.0276203 -0.0545971 0.0017579 -0.0479680 -0.0637337 -0.0545513 -0.0228750 -0.0400036 -0.0331360 -0.0492216 -0.0719637 -0.0410895 -0.1312338 -0.1349293 -0.0562967 -0.0571112 -0.0384775 -0.0950336 -0.0648337 -0.1571555 -0.0594317 -0.0955721 -0.1011731 -0.1015476 -0.0443703 -0.1204731 -0.0602533 -0.1522212
0.1026286 0.1064164 0.1110559 0.0973695 0.1134326 0.1112508 0.1135542 0.1156586 0.1567267 0.8985614 0.1539010 0.1587661 0.1701670 0.1524034 0.1001798 0.1086812 -0.0131612 0.0131409 0.0163364 0.0150493 0.0028411 0.0283117 0.0136041 0.0098615 0.0169421 0.0100277 0.0171395 0.0087383 0.0065772 0.0007437 0.0106029 0.0035825 0.0128037 0.0132881 -0.0013843 0.0194215 0.0032129 0.0056646 0.0166395 0.0133903 0.0063048 -0.0062329 -0.0085439 0.0040496 0.0156688 0.0086193 -0.0037463 -0.0276503 -0.0730503 -0.0188497 -0.0360378 -0.0384725 -0.0417642 -0.0161968 -0.0381144 -0.0385759 -0.0585926 -0.0454959 -0.0238646 -0.0367161 -0.0201958 -0.0335739 -0.0353081 -0.0238809 -0.0384192 -0.0177814 -0.0498066 -0.0269260 -0.0547997 -0.0034968 -0.0507012 -0.0611659 -0.0546238 -0.0227464 -0.0405051 -0.0320918 -0.0446784 -0.0701684 -0.0403235 -0.1253236 -0.1349448 -0.0560751 -0.0519651 -0.0378190 -0.0935354 -0.0607069 -0.1524308 -0.0620029 -0.0923510 -0.0963572 -0.0967646 -0.0453688 -0.1134554 -0.0615213 -0.1447105
0.1046339 0.1107278 0.1143790 0.1046558 0.1174826 0.1152034 0.1168785 0.1216865 0.1690055 0.1539010 0.9292962 0.1748930 0.1596705 0.1567777 0.1089175 0.1121936 -0.0048091 0.0204707 0.0297520 0.0193427 0.0114423 0.0365772 0.0208113 0.0134343 0.0156364 0.0067626 0.0159357 0.0068985 0.0073564 -0.0010512 0.0112066 -0.0007025 0.0096821 0.0120375 -0.0041994 0.0183361 0.0064494 0.0049159 0.0146198 0.0094587 0.0095922 -0.0056471 -0.0090654 0.0023533 0.0168633 0.0102614 -0.0053373 -0.0325847 -0.0704264 -0.0227121 -0.0336417 -0.0430230 -0.0424713 -0.0209586 -0.0370632 -0.0413920 -0.0609829 -0.0428571 -0.0226491 -0.0330378 -0.0241590 -0.0381729 -0.0384286 -0.0242036 -0.0442916 -0.0204587 -0.0513915 -0.0312116 -0.0591547 -0.0064215 -0.0515562 -0.0639399 -0.0561129 -0.0220515 -0.0380260 -0.0337855 -0.0456218 -0.0695151 -0.0432755 -0.1252235 -0.1330791 -0.0597568 -0.0512187 -0.0404711 -0.0955579 -0.0662929 -0.1490282 -0.0611357 -0.0960733 -0.0973688 -0.0976467 -0.0433684 -0.1145535 -0.0589943 -0.1457398
0.1124322 0.1135955 0.1157161 0.1055298 0.1209251 0.1205250 0.1218436 0.1289642 0.1635074 0.1587661 0.1748930 0.9184335 0.1654965 0.1601244 0.1048395 0.1177902 -0.0098394 0.0198212 0.0242658 0.0170343 0.0053642 0.0366329 0.0189372 0.0102738 0.0151935 0.0057892 0.0175764 0.0054869 0.0044473 -0.0019796 0.0098159 0.0009444 0.0107945 0.0126649 -0.0000781 0.0205564 0.0066871 0.0028080 0.0145179 0.0086787 0.0098436 -0.0073737 -0.0063125 0.0005618 0.0179845 0.0075539 -0.0030964 -0.0337982 -0.0765949 -0.0238969 -0.0371680 -0.0429365 -0.0417933 -0.0181344 -0.0381544 -0.0439966 -0.0616063 -0.0405436 -0.0255467 -0.0388870 -0.0260901 -0.0384114 -0.0386199 -0.0259643 -0.0430399 -0.0209152 -0.0496851 -0.0321428 -0.0584264 -0.0019115 -0.0491137 -0.0659785 -0.0576511 -0.0276839 -0.0441418 -0.0322374 -0.0472617 -0.0748741 -0.0415675 -0.1265790 -0.1356006 -0.0603771 -0.0541209 -0.0441444 -0.0993618 -0.0659102 -0.1503821 -0.0643599 -0.0956794 -0.1006536 -0.1010707 -0.0492454 -0.1134657 -0.0653927 -0.1497814
0.1004337 0.1082883 0.1119855 0.0974722 0.1141719 0.1102761 0.1117460 0.1149893 0.1590608 0.1701670 0.1596705 0.1654965 0.9004604 0.1601344 0.1037138 0.1094854 -0.0203507 0.0116470 0.0160220 0.0091931 -0.0023222 0.0274172 0.0104918 0.0037349 0.0171902 0.0098381 0.0231640 0.0080645 0.0089565 0.0031853 0.0140440 0.0052444 0.0167667 0.0150434 -0.0036065 0.0202964 0.0089079 0.0107693 0.0204735 0.0118369 0.0067714 -0.0063178 -0.0050339 0.0069264 0.0157511 0.0107833 -0.0003587 -0.0305013 -0.0736551 -0.0188228 -0.0391835 -0.0383551 -0.0381893 -0.0229068 -0.0344498 -0.0420893 -0.0603265 -0.0434623 -0.0194232 -0.0373399 -0.0165559 -0.0326491 -0.0328807 -0.0249787 -0.0374955 -0.0162376 -0.0508558 -0.0279307 -0.0548231 -0.0001547 -0.0490635 -0.0625765 -0.0599565 -0.0211790 -0.0395790 -0.0297093 -0.0451719 -0.0703037 -0.0404604 -0.1333409 -0.1387949 -0.0595475 -0.0564370 -0.0375956 -0.0965987 -0.0651467 -0.1607112 -0.0627194 -0.0950516 -0.0983212 -0.0982487 -0.0453671 -0.1211639 -0.0597364 -0.1538695
0.0991107 0.1035865 0.1079619 0.0980518 0.1120545 0.1098312 0.1136205 0.1176290 0.1531392 0.1524034 0.1567777 0.1601244 0.1601344 0.9085806 0.1039199 0.1029944 -0.0091177 0.0154797 0.0224878 0.0104369 0.0027826 0.0319106 0.0135214 0.0102206 0.0194666 0.0043063 0.0160046 0.0077621 0.0083385 -0.0007564 0.0088706 0.0015359 0.0083876 0.0131639 -0.0021327 0.0185964 0.0082764 0.0053723 0.0146581 0.0139166 0.0075271 -0.0044636 -0.0050895 0.0025070 0.0141375 0.0110247 -0.0018713 -0.0271203 -0.0714018 -0.0213771 -0.0367956 -0.0403545 -0.0422022 -0.0217770 -0.0352697 -0.0387201 -0.0609378 -0.0432714 -0.0210568 -0.0357113 -0.0199381 -0.0350017 -0.0346919 -0.0215766 -0.0396691 -0.0201210 -0.0507083 -0.0256758 -0.0540606 -0.0039314 -0.0502466 -0.0640412 -0.0563482 -0.0209275 -0.0375536 -0.0282227 -0.0413883 -0.0690771 -0.0410831 -0.1276823 -0.1331415 -0.0599817 -0.0528183 -0.0394883 -0.0952736 -0.0633808 -0.1530744 -0.0624133 -0.0947675 -0.0949823 -0.0955594 -0.0429665 -0.1155811 -0.0530789 -0.1480749
0.0925198 0.0943126 0.1005599 0.0901646 0.0999980 0.0993075 0.0973589 0.1046042 0.1074416 0.1001798 0.1089175 0.1048395 0.1037138 0.1039199 0.8828503 0.0964949 -0.0178278 0.0031060 0.0086359 -0.0035482 -0.0078655 0.0224614 0.0007453 -0.0023709 0.0187349 0.0140215 0.0238984 0.0097935 0.0117152 0.0087713 0.0194892 0.0063031 0.0170038 0.0156764 0.0068136 0.0188073 0.0097321 0.0149878 0.0180442 0.0168401 0.0078456 0.0000113 -0.0005171 0.0042807 0.0147644 0.0168145 -0.0047263 -0.0167460 -0.0651850 -0.0158041 -0.0283882 -0.0368296 -0.0345614 -0.0127432 -0.0255413 -0.0380152 -0.0487161 -0.0316617 -0.0107030 -0.0278475 -0.0105989 -0.0222296 -0.0246898 -0.0194952 -0.0316171 -0.0150717 -0.0397009 -0.0161361 -0.0461843 0.0021626 -0.0394259 -0.0527359 -0.0490084 -0.0205572 -0.0336668 -0.0279788 -0.0398971 -0.0632649 -0.0352923 -0.1161992 -0.1241871 -0.0454685 -0.0386074 -0.0310166 -0.0805677 -0.0550686 -0.1499683 -0.0515435 -0.0832798 -0.0834119 -0.0840610 -0.0407963 -0.1062142 -0.0531404 -0.1386069
0.0948374 0.1000484 0.1031509 0.0945734 0.1070867 0.1061622 0.1074445 0.1085145 0.1149642 0.1086812 0.1121936 0.1177902 0.1094854 0.1029944 0.0964949 0.8894467 -0.0246991 0.0030344 0.0075317 0.0024671 -0.0083359 0.0194392 0.0007209 -0.0009839 0.0225998 0.0187284 0.0246608 0.0102866 0.0140900 0.0093015 0.0206866 0.0132240 0.0248389 0.0157689 0.0064755 0.0243940 0.0097327 0.0147351 0.0196044 0.0149782 0.0114843 0.0013731 0.0037397 0.0011534 0.0144725 0.0175676 0.0006916 -0.0213930 -0.0657789 -0.0174784 -0.0302967 -0.0385936 -0.0359460 -0.0137143 -0.0298811 -0.0407728 -0.0533435 -0.0344793 -0.0143279 -0.0282359 -0.0087507 -0.0235726 -0.0247368 -0.0180218 -0.0305131 -0.0113357 -0.0406516 -0.0199522 -0.0487241 0.0027636 -0.0382511 -0.0574925 -0.0501303 -0.0166462 -0.0358769 -0.0216428 -0.0391295 -0.0668707 -0.0356553 -0.1198644 -0.1290792 -0.0479375 -0.0466743 -0.0357301 -0.0824455 -0.0571755 -0.1566796 -0.0541790 -0.0864714 -0.0893192 -0.0896035 -0.0390476 -0.0919197 -0.0582043 -0.1455331
-0.0141998 -0.0214592 -0.0150105 -0.0188093 -0.0171794 -0.0158503 -0.0232018 -0.0159897 -0.0142129 -0.0131612 -0.0048091 -0.0098394 -0.0203507 -0.0091177 -0.0178278 -0.0246991 1.1834745 0.1268261 0.1324631 0.1684629 0.1767420 0.1232932 0.1513714 0.1575252 -0.0758883 -0.0727624 -0.0731859 -0.0622543 -0.0816548 -0.0901411 -0.0988410 -0.0920649 -0.0905391 -0.0524602 -0.0496130 -0.0850211 -0.0636519 -0.0705883 -0.0720490 -0.0746398 -0.0213871 -0.0435240 -0.0824766 -0.0371136 -0.0390084 -0.0592002 -0.0418407 -0.0921438 0.0677835 -0.0302232 -0.0035810 0.0211485 -0.0318630 -0.0104593 -0.0201053 0.0090779 0.0103299 -0.0074624 -0.0924493 -0.0167106 -0.0916651 -0.1007045 -0.0991639 -0.0486966 -0.0475932 -0.0483877 -0.0388148 -0.0902629 -0.0440855 -0.0681667 -0.0281963 0.0240007 0.0208844 -0.0078528 -0.0129624 -0.0213742 0.0047792 0.0231586 0.0095281 0.1319282 0.1352744 -0.0134693 0.0104730 -0.0242503 0.0525988 0.0065156 0.2226290 0.0082947 0.0694750 -0.0076851 -0.0047739 -0.0272575 0.1520407 0.0097981 0.1799011
0.0076864 0.0089761 0.0041090 0.0026751 0.0121646 0.0066212 0.0049955 0.0073284 0.0125971 0.0131409 0.0204707 0.0198212 0.0116470 0.0154797 0.0031060 0.0030344 0.1268261 1.1062762 0.1290890 0.1439542 0.1421746 0.1213423 0.1384509 0.1247857 -0.0567230 -0.0658871 -0.0572660 -0.0581968 -0.0611418 -0.0786362 -0.0797287 -0.0737570 -0.0709831 -0.0429936 -0.0546055 -0.0719502 -0.0548289 -0.0629410 -0.0595642 -0.0654119 -0.0199736 -0.0530164 -0.0627552 -0.0282618 -0.0251956 -0.0564654 -0.0454431 -0.0793034 0.0284733 -0.0309736 -0.0069734 -0.0108968 -0.0312692 -0.0121353 -0.0449687 -0.0048977 -0.0111977 -0.0083559 -0.0772992 -0.0212073 -0.0855447 -0.0922200 -0.0919141 -0.0451456 -0.0472520 -0.0507255 -0.0409422 -0.0787989 -0.0566182 -0.0584767 -0.0372840 0.0108184 0.0010474 -0.0124536 -0.0182766 -0.0061886 -0.0081252 0.0179255 0.0045767 0.0832406 0.0823658 -0.0196059 -0.0003785 -0.0259080 0.0282934 0.0073831 0.1587762 -0.0113630 0.0352373 -0.0144160 -0.0128219 -0.0159428 0.1137526 -0.0177084 0.1295513
0.0093799 0.0120877 0.0139249 0.0093746 0.0144675 0.0138236 0.0131386 0.0192196 0.0182759 0.0163364 0.0297520 0.0242658 0.0160220 0.0224878 0.0086359 0.0075317 0.1324631 0.1290890 1.1149265 0.1406967 0.1561043 0.1249085 0.1347830 0.1284243 -0.0565433 -0.0569136 -0.0501095 -0.0573623 -0.0642911 -0.0793540 -0.0764140 -0.0735979 -0.0707050 -0.0422817 -0.0577194 -0.0623548 -0.0584918 -0.0639506 -0.0602592 -0.0558531 -0.0239554 -0.0507256 -0.0693380 -0.0317231 -0.0132985 -0.0527499 -0.0493871 -0.0777513 0.0360140 -0.0249044 -0.0088695 -0.0093245 -0.0228920 -0.0141429 -0.0366043 0.0067591 -0.0209054 -0.0168437 -0.0807989 -0.0172378 -0.0876231 -0.0914052 -0.0904931 -0.0389242 -0.0515599 -0.0489330 -0.0408540 -0.0760973 -0.0619664 -0.0566845 -0.0455657 -0.0065870 -0.0033907 -0.0103844 -0.0232645 -0.0175273 -0.0062272 0.0052619 -0.0065508 0.0837880 0.0883049 -0.0329008 0.0005026 -0.0394451 0.0188595 -0.0019665 0.1511699 -0.0115723 0.0112612 -0.0171596 -0.0168268 -0.0209187 0.1059009 -0.0166470 0.1125595
0.0026333 0.0046069 -0.0010836 -0.0025144 0.0056261 0.0029595 0.0037726 0.0052489 0.0140098 0.0150493 0.0193427 0.0170343 0.0091931 0.0104369 -0.0035482 0.0024671 0.1684629 0.1439542 0.1406967 1.1811341 0.1632303 0.1508289 0.1830136 0.1426709 -0.0676398 -0.0685931 -0.0659751 -0.0665498 -0.0781496 -0.0907669 -0.0960602 -0.0856430 -0.0830310 -0.0507078 -0.0615292 -0.0764540 -0.0557200 -0.0746888 -0.0682574 -0.0735359 -0.0350407 -0.0594411 -0.0836652 -0.0372246 -0.0305394 -0.0683687 -0.0597217 -0.0821815 0.0475299 -0.0238395 -0.0023041 0.0115901 -0.0117162 -0.0172407 -0.0393364 -0.0110759 -0.0131850 -0.0043825 -0.0870243 -0.0132300 -0.0965957 -0.1033405 -0.1034112 -0.0576900 -0.0492668 -0.0572268 -0.0399353 -0.0825639 -0.0652779 -0.0607828 -0.0408329 0.0006896 0.0016290 0.0040196 -0.0115458 -0.0288578 -0.0094082 0.0140438 -0.0064560 0.1030967 0.0854529 -0.0309645 -0.0248048 -0.0263399 0.0151970 -0.0013460 0.1952098 -0.0003076 0.0511216 -0.0055357 -0.0034219 -0.0178819 0.1375720 -0.0350435 0.1534614
0.0004904 -0.0074176 -0.0041718 -0.0095628 -0.0004418 -0.0033195 -0.0069499 -0.0014556 0.0008001 0.0028411 0.0114423 0.0053642 -0.0023222 0.0027826 -0.0078655 -0.0083359 0.1767420 0.1421746 0.1561043 0.1632303 1.2148662 0.1529709 0.1723493 0.1638004 -0.0772703 -0.0711773 -0.0637327 -0.0733189 -0.0835912 -0.1018975 -0.0939334 -0.0947913 -0.0940061 -0.0551091 -0.0661997 -0.0877091 -0.0792001 -0.0763551 -0.0748330 -0.0749869 -0.0247519 -0.0602655 -0.0860565 -0.0392692 -0.0331752 -0.0678057 -0.0561202 -0.1025591 0.0615348 -0.0224956 -0.0124770 0.0220295 -0.0182008 -0.0262391 -0.0454962 0.0024210 -0.0078230 -0.0205033 -0.0995275 -0.0229873 -0.1049722 -0.1015204 -0.1025978 -0.0457315 -0.0542930 -0.0596911 -0.0427605 -0.1044447 -0.0585583 -0.0666277 -0.0321192 0.0174036 0.0104767 -0.0083943 -0.0132712 -0.0338391 0.0001635 0.0385715 -0.0049053 0.1223227 0.1256107 -0.0244686 -0.0055321 -0.0222987 0.0372845 -0.0024478 0.2276425 0.0043500 0.0663811 -0.0062908 -0.0044683 -0.0081691 0.1575247 0.0055634 0.1726281
0.0252323 0.0212909 0.0222083 0.0175428 0.0278113 0.0238221 0.0208906 0.0285720 0.0281917 0.0283117 0.0365772 0.0366329 0.0274172 0.0319106 0.0224614 0.0194392 0.1232932 0.1213423 0.1249085 0.1508289 0.1529709 1.1226770 0.1520952 0.1426200 -0.0632701 -0.0542402 -0.0542849 -0.0510108 -0.0680362 -0.0820830 -0.0796518 -0.0728655 -0.0725809 -0.0424071 -0.0540028 -0.0657367 -0.0583478 -0.0593175 -0.0637504 -0.0575890 -0.0258040 -0.0565667 -0.0699779 -0.0309669 -0.0242520 -0.0589251 -0.0526676 -0.0821663 0.0302345 -0.0325989 -0.0062151 0.0043674 -0.0137110 -0.0212395 -0.0439837 -0.0109424 -0.0275688 -0.0107030 -0.0737849 -0.0173322 -0.0947970 -0.0905017 -0.0902202 -0.0498574 -0.0635749 -0.0566923 -0.0494977 -0.0809772 -0.0652513 -0.0560605 -0.0515924 -0.0054033 -0.0086085 -0.0106174 -0.0246446 -0.0249519 -0.0082976 0.0186697 0.0115212 0.0710839 0.0608139 -0.0373291 -0.0240850 -0.0252652 0.0054631 -0.0068636 0.1415925 -0.0142640 0.0195218 -0.0192659 -0.0166875 -0.0244974 0.1004739 -0.0271788 0.1085358
0.0034939 0.0040949 0.0026508 0.0010758 0.0086998 0.0055910 0.0030096 0.0087776 0.0135046 0.0136041 0.0208113 0.0189372 0.0104918 0.0135214 0.0007453 0.0007209 0.1513714 0.1384509 0.1347830 0.1830136 0.1723493 0.1520952 1.1651096 0.1521950 -0.0688613 -0.0715614 -0.0680575 -0.0701599 -0.0776372 -0.0924482 -0.0863148 -0.0828647 -0.0825535 -0.0498211 -0.0608801 -0.0837931 -0.0701517 -0.0736402 -0.0733876 -0.0714458 -0.0226097 -0.0553216 -0.0788564 -0.0327745 -0.0338265 -0.0626268 -0.0570996 -0.0886524 0.0397983 -0.0239513 -0.0014719 0.0127976 -0.0213076 -0.0177237 -0.0428789 0.0009489 -0.0205161 0.0031564 -0.0827640 -0.0153322 -0.1020769 -0.1004418 -0.0986449 -0.0585157 -0.0582870 -0.0519055 -0.0469425 -0.0887155 -0.0608216 -0.0630119 -0.0465312 0.0075078 -0.0030206 -0.0001083 -0.0222416 -0.0295203 -0.0034230 0.0149227 0.0044610 0.1134645 0.0979643 -0.0253420 -0.0117254 -0.0199733 0.0310415 0.0024052 0.1898880 0.0093780 0.0538079 -0.0123035 -0.0104775 -0.0209225 0.1355592 -0.0148753 0.1583015
0.0068905 -0.0016921 -0.0009351 0.0009442 0.0045214 0.0024198 -0.0051681 -0.0010416 0.0067666 0.0098615 0.0134343 0.0102738 0.0037349 0.0102206 -0.0023709 -0.0009839 0.1575252 0.1247857 0.1284243 0.1426709 0.1638004 0.1426200 0.1521950 1.1352860 -0.0613976 -0.0532834 -0.0630404 -0.0557794 -0.0701919 -0.0836683 -0.0835866 -0.0713778 -0.0790078 -0.0457686 -0.0613558 -0.0717133 -0.0575211 -0.0614459 -0.0611443 -0.0666369 -0.0207949 -0.0520410 -0.0744201 -0.0324914 -0.0241873 -0.0554207 -0.0442475 -0.0882570 0.0334666 -0.0272879 -0.0007110 0.0163160 -0.0247140 -0.0180022 -0.0271001 -0.0039979 -0.0108764 -0.0087933 -0.0820059 -0.0282859 -0.0873464 -0.0903729 -0.0898105 -0.0539830 -0.0532564 -0.0573946 -0.0409649 -0.0877170 -0.0491567 -0.0523634 -0.0330450 0.0152497 0.0077027 -0.0126338 -0.0194996 -0.0167502 0.0026392 0.0236784 -0.0071959 0.0932834 0.0806266 -0.0296769 -0.0079570 -0.0286691 0.0331577 -0.0059660 0.1749010 -0.0105769 0.0328106 -0.0022229 -0.0007596 -0.0229279 0.1201516 -0.0123063 0.1352916
0.0189497 0.0197827 0.0178035 0.0215269 0.0221245 0.0231957 0.0209246 0.0203062 0.0206177 0.0169421 0.0156364 0.0151935 0.0171902 0.0194666 0.0187349 0.0225998 -0.0758883 -0.0567230 -0.0565433 -0.0676398 -0.0772703 -0.0632701 -0.0688613 -0.0613976 0.8496206 0.0314577 0.0359212 0.0516349 0.0664478 0.0808378 0.0812295 0.0591287 0.0393142 0.0267061 0.0227644 0.0402169 0.0281498 0.0291875 0.0251576 0.0356253 0.0065326 0.0144423 0.0298372 0.0105081 0.0168606 0.0281091 0.0122884 0.0192563 -0.0515190 -0.0078593 -0.0195825 -0.0211962 -0.0171244 -0.0044682 -0.0092350 -0.0143091 -0.0180406 -0.0174983 0.0237706 -0.0084025 0.0234574 0.0188518 0.0191908 0.0114662 0.0063848 0.0140112 -0.0028870 0.0201837 0.0063702 0.0255455 -0.0037577 -0.0300434 -0.0303456 -0.0110954 -0.0116748 -0.0016619 -0.0214677 -0.0359704 -0.0259497 -0.0878736 -0.1023123 -0.0126602 -0.0122727 -0.0019680 -0.0545644 -0.0296411 -0.1430619 -0.0203033 -0.0537983 -0.0381856 -0.0391207 -0.0101847 -0.1068072 -0.0199272 -0.1263445
0.0131901 0.0139878 0.0128984 0.0130409 0.0124539 0.0163293 0.0144555 0.0160492 0.0088071 0.0100277 0.0067626 0.0057892 0.0098381 0.0043063 0.0140215 0.0187284 -0.0727624 -0.0658871 -0.0569136 -0.0685931 -0.0711773 -0.0542402 -0.0715614 -0.0532834 0.0314577 0.8679835 0.0713208 0.0238626 0.0438512 0.0352561 0.0431104 0.0354807 0.0372639 0.0248922 0.0169489 0.0385488 0.0223087 0.0257726 0.0274781 0.0337712 0.0049581 0.0186524 0.0226612 0.0041851 0.0068802 0.0278587 0.0152552 0.0188575 -0.0413788 0.0033709 -0.0106630 -0.0194764 0.0004205 0.0045836 0.0091239 -0.0208781 -0.0130577 -0.0099035 0.0263405 -0.0027819 0.0395843 0.0298865 0.0288485 0.0098557 0.0077433 0.0115536 -0.0057148 0.0183839 0.0018096 0.0208383 -0.0063217 -0.0282305 -0.0168839 -0.0043440 -0.0026248 -0.0077953 -0.0147549 -0.0357772 -0.0145630 -0.0738767 -0.0832591 -0.0028937 -0.0159477 0.0024291 -0.0376221 -0.0135881 -0.1416459 -0.0171847 -0.0513744 -0.0305575 -0.0302075 -0.0044352 -0.0891532 -0.0202041 -0.1077729
0.0180713 0.0203945 0.0230186 0.0220773 0.0233374 0.0228409 0.0222907 0.0207880 0.0204015 0.0171395 0.0159357 0.0175764 0.0231640 0.0160046 0.0238984 0.0246608 -0.0731859 -0.0572660 -0.0501095 -0.0659751 -0.0637327 -0.0542849 -0.0680575 -0.0630404 0.0359212 0.0713208 0.8604954 0.0306879 0.0372579 0.0447427 0.0409866 0.0423278 0.0327453 0.0246445 0.0181547 0.0312856 0.0286875 0.0247674 0.0256642 0.0336481 0.0071011 0.0159073 0.0258233 0.0104687 0.0107627 0.0222478 0.0157481 0.0182805 -0.0489058 -0.0021741 -0.0223143 -0.0175576 -0.0112531 -0.0075721 -0.0030406 -0.0238086 -0.0181936 -0.0094772 0.0223417 0.0012515 0.0293560 0.0242728 0.0235787 0.0169364 0.0116548 0.0058656 -0.0032880 0.0173741 0.0010497 0.0250405 0.0006360 -0.0295984 -0.0312648 -0.0072300 -0.0051568 -0.0047476 -0.0210155 -0.0380950 -0.0192019 -0.0923375 -0.0970524 -0.0069523 -0.0159475 -0.0047333 -0.0400859 -0.0231023 -0.1369881 -0.0237460 -0.0518575 -0.0393928 -0.0405519 -0.0100764 -0.0958809 -0.0164101 -0.1125003
0.0039502 0.0064437 0.0108948 0.0118128 0.0068799 0.0079152 0.0093428 0.0075203 0.0083995 0.0087383 0.0068985 0.0054869 0.0080645 0.0077621 0.0097935 0.0102866 -0.0622543 -0.0581968 -0.0573623 -0.0665498 -0.0733189 -0.0510108 -0.0701599 -0.0557794 0.0516349 0.0238626 0.0306879 0.8755228 0.0710779 0.0519849 0.0473677 0.0612577 0.0216458 0.0235175 0.0142701 0.0339328 0.0277095 0.0257196 0.0244632 0.0170071 0.0163812 0.0200879 0.0284476 0.0080917 0.0080697 0.0331165 0.0292508 0.0252963 -0.0467293 -0.0073639 -0.0042305 -0.0141786 -0.0009008 0.0098412 0.0010049 -0.0246004 -0.0082686 -0.0130428 0.0264540 -0.0089215 0.0311213 0.0289878 0.0288731 0.0122509 0.0080225 0.0088354 -0.0100191 0.0253554 0.0057001 0.0243220 -0.0060423 -0.0186365 -0.0101348 -0.0117169 -0.0077405 -0.0037240 -0.0187005 -0.0358935 -0.0220643 -0.0778098 -0.0809367 -0.0076476 -0.0111620 -0.0031436 -0.0418966 -0.0194546 -0.1225479 -0.0182978 -0.0578265 -0.0331158 -0.0328181 -0.0173847 -0.0951198 -0.0188978 -0.1051010
0.0071245 0.0092454 0.0089270 0.0113938 0.0080790 0.0109234 0.0089161 0.0071950 0.0079448 0.0065772 0.0073564 0.0044473 0.0089565 0.0083385 0.0117152 0.0140900 -0.0816548 -0.0611418 -0.0642911 -0.0781496 -0.0835912 -0.0680362 -0.0776372 -0.0701919 0.0664478 0.0438512 0.0372579 0.0710779 0.8737375 0.0651399 0.0568440 0.0738496 0.0299718 0.0269683 0.0190081 0.0337252 0.0246892 0.0309151 0.0290927 0.0266460 0.0094239 0.0089063 0.0276300 0.0079269 0.0069628 0.0256946 0.0138013 0.0255580 -0.0305866 -0.0052314 -0.0090598 -0.0312784 -0.0010465 0.0057000 0.0006208 -0.0199625 -0.0110682 -0.0042760 0.0294564 -0.0052440 0.0415585 0.0363141 0.0359703 0.0197078 0.0090541 0.0159956 -0.0015320 0.0233338 0.0042470 0.0268107 -0.0009258 -0.0223215 -0.0211352 -0.0072353 -0.0065245 -0.0045541 -0.0173862 -0.0360165 -0.0148971 -0.0816206 -0.0854324 -0.0024328 -0.0180825 0.0004792 -0.0452563 -0.0282772 -0.1380043 -0.0260518 -0.0507267 -0.0279996 -0.0276177 -0.0122045 -0.1006196 -0.0190830 -0.1124727
0.0022227 0.0051785 0.0079768 0.0069953 0.0046719 0.0077566 0.0088684 0.0037635 0.0038761 0.0007437 -0.0010512 -0.0019796 0.0031853 -0.0007564 0.0087713 0.0093015 -0.0901411 -0.0786362 -0.0793540 -0.0907669 -0.1018975 -0.0820830 -0.0924482 -0.0836683 0.0808378 0.0352561 0.0447427 0.0519849 0.0651399 0.8699057 0.0848262 0.0631938 0.0317939 0.0306924 0.0258668 0.0405538 0.0339686 0.0449930 0.0287201 0.0392451 0.0076156 0.0229810 0.0413990 0.0141012 0.0163866 0.0314711 0.0234170 0.0443693 -0.0469277 -0.0050343 -0.0164508 -0.0178010 -0.0017166 0.0008952 0.0122017 -0.0209784 -0.0154633 -0.0101242 0.0325466 -0.0060542 0.0487972 0.0447223 0.0454639 0.0241175 0.0112904 0.0178884 0.0038116 0.0440910 0.0174713 0.0370136 0.0050718 -0.0271315 -0.0173294 -0.0130712 -0.0127996 0.0108955 -0.0223973 -0.0344181 -0.0173545 -0.0918497 -0.0958224 0.0026933 -0.0093350 -0.0006276 -0.0426265 -0.0173027 -0.1534607 -0.0177367 -0.0563945 -0.0279051 -0.0281678 -0.0078220 -0.1074401 -0.0149389 -0.1264745
0.0158214 0.0166949 0.0200546 0.0182003 0.0191472 0.0149983 0.0186985 0.0165482 0.0139073 0.0106029 0.0112066 0.0098159 0.0140440 0.0088706 0.0194892 0.0206866 -0.0988410 -0.0797287 -0.0764140 -0.0960602 -0.0939334 -0.0796518 -0.0863148 -0.0835866 0.0812295 0.0431104 0.0409866 0.0473677 0.0568440 0.0848262 0.8582778 0.0611725 0.0421412 0.0330474 0.0257836 0.0479409 0.0382084 0.0434438 0.0383570 0.0409119 0.0141002 0.0208835 0.0418441 0.0122385 0.0163607 0.0411247 0.0215008 0.0389297 -0.0608559 0.0033739 -0.0149546 -0.0132402 -0.0035826 0.0008518 0.0095109 -0.0184112 -0.0228029 -0.0155553 0.0447634 -0.0070480 0.0408834 0.0366978 0.0374370 0.0126442 0.0130215 0.0169679 0.0001938 0.0385822 0.0112750 0.0424091 -0.0012461 -0.0352835 -0.0244326 -0.0052308 -0.0033885 -0.0028642 -0.0215604 -0.0426476 -0.0226528 -0.1023665 -0.1124037 -0.0073619 -0.0160222 0.0026439 -0.0555880 -0.0262423 -0.1654318 -0.0215610 -0.0632347 -0.0328640 -0.0337349 -0.0090929 -0.1247918 -0.0087576 -0.1425715
0.0044707 0.0086506 0.0067293 0.0085965 0.0065290 0.0059254 0.0077971 0.0067024 0.0061259 0.0035825 -0.0007025 0.0009444 0.0052444 0.0015359 0.0063031 0.0132240 -0.0920649 -0.0737570 -0.0735979 -0.0856430 -0.0947913 -0.0728655 -0.0828647 -0.0713778 0.0591287 0.0354807 0.0423278 0.0612577 0.0738496 0.0631938 0.0611725 0.8707170 0.0381784 0.0275465 0.0161350 0.0420774 0.0308034 0.0316230 0.0339632 0.0268324 0.0043783 0.0187196 0.0293293 0.0098978 0.0096193 0.0324178 0.0215073 0.0287890 -0.0458455 0.0011821 -0.0151966 -0.0126374 -0.0082709 0.0080738 0.0080063 -0.0136095 -0.0130261 -0.0031558 0.0264605 0.0025020 0.0408154 0.0447344 0.0439950 0.0131805 0.0095389 0.0143218 0.0097959 0.0286182 0.0137891 0.0301827 0.0125629 -0.0219998 -0.0177578 -0.0139628 -0.0106105 0.0069796 -0.0138482 -0.0337682 -0.0203513 -0.0802072 -0.0873115 -0.0024486 -0.0173518 -0.0012105 -0.0412990 -0.0220197 -0.1337030 -0.0241063 -0.0465146 -0.0383710 -0.0386115 -0.0110745 -0.0940914 -0.0042558 -0.1133116
0.0131057 0.0123902 0.0165485 0.0164346 0.0140516 0.0179142 0.0170474 0.0168414 0.0140917 0.0128037 0.0096821 0.0107945 0.0167667 0.0083876 0.0170038 0.0248389 -0.0905391 -0.0709831 -0.0707050 -0.0830310 -0.0940061 -0.0725809 -0.0825535 -0.0790078 0.0393142 0.0372639 0.0327453 0.0216458 0.0299718 0.0317939 0.0421412 0.0381784 0.8537918 0.0289703 0.0307951 0.0517992 0.0294214 0.0448833 0.0443544 0.0463904 0.0086852 0.0242846 0.0379093 0.0148845 0.0160365 0.0250257 0.0159880 0.0369833 -0.0486289 0.0107855 -0.0116800 -0.0215573 -0.0037050 0.0010422 0.0060106 -0.0165827 -0.0151834 -0.0122156 0.0387206 -0.0075858 0.0378925 0.0349412 0.0343918 0.0175247 0.0139025 0.0187393 0.0055520 0.0355518 0.0097020 0.0296427 -0.0006524 -0.0271301 -0.0268184 -0.0015204 -0.0050845 -0.0024986 -0.0162350 -0.0359746 -0.0193465 -0.0887110 -0.0941785 -0.0060388 -0.0159590 -0.0019004 -0.0443861 -0.0148256 -0.1563671 -0.0152208 -0.0528279 -0.0321679 -0.0328058 -0.0090185 -0.1134335 -0.0228906 -0.1171989
0.0140285 0.0155235 0.0166035 0.0156943 0.0161099 0.0158195 0.0171570 0.0162349 0.0145453 0.0132881 0.0120375 0.0126649 0.0150434 0.0131639 0.0156764 0.0157689 -0.0524602 -0.0429936 -0.0422817 -0.0507078 -0.0551091 -0.0424071 -0.0498211 -0.0457686 0.0267061 0.0248922 0.0246445 0.0235175 0.0269683 0.0306924 0.0330474 0.0275465 0.0289703 0.9466704 0.0187724 0.0292755 0.0231489 0.0246043 0.0248386 0.0252779 0.0097802 0.0165561 0.0250845 0.0093661 0.0113485 0.0219103 0.0159866 0.0268727 -0.0300921 0.0039936 -0.0041849 -0.0110179 0.0005020 0.0024712 0.0059321 -0.0101638 -0.0071225 -0.0049075 0.0272110 0.0000317 0.0307746 0.0291902 0.0287965 0.0121515 0.0112381 0.0137653 0.0037961 0.0271996 0.0084180 0.0214418 0.0025949 -0.0160359 -0.0128312 -0.0007718 -0.0004554 0.0010513 -0.0082512 -0.0213214 -0.0081953 -0.0617070 -0.0644738 -0.0018169 -0.0079219 0.0032813 -0.0272791 -0.0125204 -0.0987683 -0.0099620 -0.0343981 -0.0157455 -0.0165003 -0.0030260 -0.0689877 -0.0086503 -0.0808857
0.0011639 0.0011664 0.0040935 0.0037855 -0.0016167 -0.0026539 0.0019578 -0.0003907 -0.0037438 -0.0013843 -0.0041994 -0.0000781 -0.0036065 -0.0021327 0.0068136 0.0064755 -0.0496130 -0.0546055 -0.0577194 -0.0615292 -0.0661997 -0.0540028 -0.0608801 -0.0613558 0.0227644 0.0169489 0.0181547 0.0142701 0.0190081 0.0258668 0.0257836 0.0161350 0.0307951 0.0187724 0.8827123 0.0310766 0.0255096 0.0248043 0.0154764 0.0240762 -0.0009706 0.0088027 0.0258025 -0.0039498 0.0048793 0.0126554 0.0076407 0.0211505 -0.0276552 -0.0003975 -0.0034084 -0.0159275 -0.0012783 0.0025770 0.0030483 -0.0123053 0.0019487 0.0011399 0.0239311 0.0020539 0.0231816 0.0203951 0.0194945 0.0122581 0.0076157 0.0147865 0.0014446 0.0209379 0.0053036 0.0234639 0.0053496 -0.0132510 -0.0155169 -0.0047962 -0.0040798 -0.0007240 -0.0034051 -0.0170293 -0.0028792 -0.0577509 -0.0592868 0.0006634 0.0031212 0.0075206 -0.0222919 -0.0125110 -0.0954242 -0.0129164 -0.0236797 -0.0191627 -0.0198047 -0.0011773 -0.0723863 -0.0030136 -0.0744171
0.0181130 0.0192778 0.0242610 0.0194877 0.0226805 0.0199022 0.0227338 0.0227765 0.0190651 0.0194215 0.0183361 0.0205564 0.0202964 0.0185964 0.0188073 0.0243940 -0.0850211 -0.0719502 -0.0623548 -0.0764540 -0.0877091 -0.0657367 -0.0837931 -0.0717133 0.0402169 0.0385488 0.0312856 0.0339328 0.0337252 0.0405538 0.0479409 0.0420774 0.0517992 0.0292755 0.0310766 0.8621062 0.0406312 0.0385633 0.0424285 0.0404898 0.0102898 0.0207307 0.0371999 0.0121424 0.0132801 0.0305278 0.0218196 0.0261568 -0.0456829 0.0046749 -0.0120795 -0.0225354 -0.0004950 0.0000047 0.0003466 -0.0079168 -0.0189511 -0.0151111 0.0390003 -0.0070250 0.0395434 0.0383717 0.0376354 0.0143147 0.0176524 0.0216990 -0.0001917 0.0285813 0.0063987 0.0355311 -0.0014891 -0.0255885 -0.0226239 -0.0084680 -0.0047418 -0.0028190 -0.0185430 -0.0377709 -0.0215111 -0.1028665 -0.1051309 -0.0057756 -0.0133686 -0.0045106 -0.0465540 -0.0287720 -0.1564028 -0.0207389 -0.0622706 -0.0369088 -0.0379695 -0.0120963 -0.1157479 -0.0212117 -0.1335060
0.0093283 0.0088679 0.0144322 0.0112969 0.0092345 0.0055382 0.0068923 0.0082663 0.0073865 0.0032129 0.0064494 0.0066871 0.0089079 0.0082764 0.0097321 0.0097327 -0.0636519 -0.0548289 -0.0584918 -0.0557200 -0.0792001 -0.0583478 -0.0701517 -0.0575211 0.0281498 0.0223087 0.0286875 0.0277095 0.0246892 0.0339686 0.0382084 0.0308034 0.0294214 0.0231489 0.0255096 0.0406312 0.8682245 0.0299892 0.0354785 0.0293796 -0.0001329 0.0098430 0.0286478 0.0021460 0.0122428 0.0199224 0.0099144 0.0224803 -0.0366000 -0.0009948 -0.0090681 -0.0107043 -0.0041224 0.0004357 0.0097121 -0.0234520 -0.0123211 -0.0088884 0.0328364 0.0009262 0.0281679 0.0254695 0.0262956 0.0085382 0.0172081 0.0097547 0.0016051 0.0229317 0.0086352 0.0325762 -0.0015984 -0.0181375 -0.0163446 -0.0033737 -0.0006283 0.0004592 -0.0101251 -0.0300591 -0.0196949 -0.0909868 -0.0927597 -0.0067286 -0.0168947 0.0012821 -0.0312600 -0.0233922 -0.1226256 -0.0069100 -0.0388768 -0.0260640 -0.0268175 -0.0055703 -0.0920674 -0.0108023 -0.1035812
0.0087028 0.0125698 0.0087305 0.0148996 0.0098545 0.0060986 0.0103232 0.0101665 0.0072279 0.0056646 0.0049159 0.0028080 0.0107693 0.0053723 0.0149878 0.0147351 -0.0705883 -0.0629410 -0.0639506 -0.0746888 -0.0763551 -0.0593175 -0.0736402 -0.0614459 0.0291875 0.0257726 0.0247674 0.0257196 0.0309151 0.0449930 0.0434438 0.0316230 0.0448833 0.0246043 0.0248043 0.0385633 0.0299892 0.8754972 0.0331343 0.0419834 0.0050867 0.0202630 0.0397632 0.0096584 0.0087913 0.0232458 0.0200120 0.0283201 -0.0406603 0.0045214 -0.0053113 -0.0097666 -0.0015184 -0.0032817 0.0113237 -0.0139855 -0.0130345 -0.0021622 0.0298717 -0.0100026 0.0324115 0.0301463 0.0304339 0.0132443 0.0104140 0.0177771 0.0055262 0.0268555 0.0147472 0.0327493 0.0009936 -0.0270693 -0.0186105 -0.0026275 -0.0029960 -0.0022122 -0.0151615 -0.0221574 -0.0123179 -0.0830842 -0.0954400 -0.0018822 -0.0162518 0.0069292 -0.0322822 -0.0250791 -0.1299672 -0.0145708 -0.0426887 -0.0166012 -0.0192988 -0.0100193 -0.0993614 -0.0123556 -0.1114354
0.0165381 0.0197663 0.0188584 0.0194280 0.0213797 0.0137066 0.0197474 0.0193786 0.0142247 0.0166395 0.0146198 0.0145179 0.0204735 0.0146581 0.0180442 0.0196044 -0.0720490 -0.0595642 -0.0602592 -0.0682574 -0.0748330 -0.0637504 -0.0733876 -0.0611443 0.0251576 0.0274781 0.0256642 0.0244632 0.0290927 0.0287201 0.0383570 0.0339632 0.0443544 0.0248386 0.0154764 0.0424285 0.0354785 0.0331343 0.8589037 0.0343501 0.0050648 0.0126026 0.0263439 0.0124566 0.0068719 0.0308984 0.0172824 0.0266237 -0.0509495 0.0050911 -0.0124289 -0.0082191 -0.0068178 0.0001762 0.0122481 -0.0133792 -0.0100177 -0.0186027 0.0260408 -0.0146529 0.0321845 0.0260227 0.0255396 0.0139820 0.0119330 0.0140966 -0.0047350 0.0265416 0.0007952 0.0208959 -0.0060964 -0.0298224 -0.0253690 -0.0061562 -0.0050450 -0.0060270 -0.0047383 -0.0349579 -0.0140649 -0.0798066 -0.0880389 -0.0126543 -0.0208153 0.0024533 -0.0465680 -0.0210279 -0.1422126 -0.0197924 -0.0573839 -0.0274553 -0.0282361 -0.0080274 -0.1025364 -0.0249398 -0.1082137
