0.1297849 0.0000999 0.8701152
0.1117907 0.0000996 0.8881096
0.0773739 0.0000996 0.9225265
0.1586193 0.0000997 0.8412810
0.0511185 0.0000998 0.9487817
0.0574697 0.0000999 0.9424304
0.0501247 0.0000995 0.9497758
0.0436382 0.0000996 0.9562622
0.0374523 0.0000998 0.9624479
0.0364339 0.0023464 0.9612197
0.0158330 0.0075341 0.9766329
0.0001000 0.0035757 0.9963244
0.0352260 0.0000999 0.9646741
0.0394437 0.0019733 0.9585830
0.1835178 0.0000995 0.8163827
0.1659160 0.0000994 0.8339847
0.0660511 0.2493478 0.6846011
0.0529202 0.1996229 0.7474568
0.0002609 0.2037779 0.7959611
0.0000999 0.2265444 0.7733556
0.0000999 0.2492865 0.7506135
0.0000999 0.1895629 0.8103371
0.0000999 0.2328611 0.7670389
0.0391633 0.2117288 0.7491078
0.6579795 0.0000990 0.3419214
0.6951118 0.0000992 0.3047891
0.6489925 0.0000991 0.3509084
0.6902961 0.0010241 0.3086798
0.7136270 0.0000995 0.2862734
0.7642731 0.0000990 0.2356279
0.7303898 0.0000982 0.2695120
0.7397945 0.0000994 0.2601061
0.7315369 0.0000980 0.2683651
0.6198030 0.0433700 0.3368270
0.7327812 0.0060426 0.2611762
0.6907924 0.0000982 0.3091093
0.7057028 0.0000994 0.2941978
0.7176484 0.0000994 0.2822521
0.6833997 0.0000988 0.3165014
0.6959762 0.0000991 0.3039247
0.5661894 0.0352057 0.3986049
0.6859066 0.0264558 0.2876376
0.7928028 0.0000997 0.2070975
0.6323288 0.0366686 0.3310026
0.5666733 0.0236856 0.4096411
0.6628930 0.0015452 0.3355618
0.6814356 0.0256740 0.2928904
0.9127699 0.0053203 0.0819099
0.6391482 0.1952641 0.1655877
0.7154644 0.0521170 0.2324186
0.6805901 0.0992090 0.2202009
0.5827596 0.1457315 0.2715089
0.7533703 0.0840955 0.1625342
0.6299368 0.0795843 0.2904789
0.7876956 0.0595183 0.1527861
0.6351634 0.1427356 0.2221011
0.7487083 0.1300670 0.1212247
0.6878791 0.1173608 0.1947601
0.8708386 0.0000999 0.1290614
0.7103135 0.0829133 0.2067731
0.8672082 0.0000995 0.1326923
0.9132176 0.0122864 0.0744960
0.9149926 0.0137424 0.0712651
0.7929856 0.0302408 0.1767736
0.8441553 0.0520312 0.1038136
0.7620791 0.0362442 0.2016767
0.8351840 0.0759623 0.0888536
0.9103722 0.0028519 0.0867759
0.8971009 0.0670835 0.0358155
0.7316055 0.0028775 0.2655169
0.8341617 0.0694070 0.0964313
0.7071029 0.1491931 0.1437040
0.7116404 0.1363940 0.1519657
0.6599830 0.0685874 0.2714296
0.7589815 0.0717796 0.1692389
0.6810762 0.0852819 0.2336418
0.6869814 0.1131839 0.1998347
0.7023556 0.1724273 0.1252171
0.6666293 0.1145632 0.2188075
0.6595405 0.3254749 0.0149846
0.6566317 0.3432683 0.0001001
0.8201652 0.0926211 0.0872137
0.7473792 0.1086077 0.1440131
0.7553673 0.0738984 0.1707343
0.7642866 0.2011611 0.0345523
0.7764021 0.1251773 0.0984207
0.2973221 0.5412601 0.1614179
0.7684446 0.1214462 0.1101092
0.6889902 0.2341371 0.0768728
0.8625037 0.1373961 0.0001001
0.8602609 0.1396390 0.0001001
0.7900245 0.0851787 0.1247969
0.3974880 0.3916934 0.2108186
0.7885407 0.1186309 0.0928284
0.5189882 0.4363212 0.0446906
0.0141508 0.9857492 0.0001000
0.0032369 0.9966631 0.0001000
0.0104299 0.9894701 0.0001000
0.0066471 0.9877993 0.0055536
0.0140015 0.9858984 0.0001000
0.0194644 0.9804356 0.0001000
0.0137396 0.9861603 0.0001000
0.0060616 0.9930890 0.0008494
0.0028103 0.9949387 0.0022511
0.0001000 0.9998000 0.0001000
0.0001000 0.9998000 0.0001000
0.0001000 0.9998000 0.0001000
0.0001000 0.9998000 0.0001000
0.0001000 0.9998000 0.0001000
0.0001000 0.9998000 0.0001000
0.0001000 0.9998000 0.0001000
0.0001000 0.9998000 0.0001000
0.0001000 0.9998000 0.0001000
